18.216475
11.135192
12.146804
26.309370
34.402265
16.193251
23.274534
19.228087
19.228087
21.251310
21.251310
8.100356
27.320982
18.216475
24.286146
30.355817
19.228087
30.355817
14.170027
12.146804
24.286146
27.320982
9.111968
26.309370
22.262922
19.228087
28.332593
14.170027
15.181639
34.402265
26.309370
21.251310
18.216475
19.228087
10.123580
14.170027
27.320982
19.228087
19.228087
24.286146
24.286146
42.495160
14.170027
22.262922
16.193251
28.332593
14.170027
18.216475
30.355817
23.274534
23.274534
16.193251
9.111968
27.320982
27.320982
24.286146
19.228087
24.286146
18.216475
37.437100
9.111968
28.332593
34.402265
16.193251
22.262922
27.320982
27.320982
21.251310
27.320982
14.170027
36.425488
19.228087
19.228087
21.251310
17.204863
19.228087
19.228087
19.228087
19.228087
25.297758
5.065521
27.320982
14.170027
22.262922
14.170027
27.320982
14.170027
27.320982
22.262922
21.251310
28.332593
30.355817
25.297758
22.262922
23.274534
25.297758
18.216475
26.309370
19.228087
17.204863
21.251310
26.309370
16.193251
6.077133
19.228087
28.332593
18.216475
24.286146
31.367429
6.077133
23.274534
16.193251
13.158416
30.355817
12.146804
11.135192
14.170027
15.181639
24.286146
24.286146
23.274534
22.262922
27.320982
37.437100
24.286146
22.262922
25.297758
31.367429
26.309370
14.170027
20.239699
17.204863
11.135192
14.170027
22.262922
22.262922
18.216475
27.320982
17.204863
25.297758
19.228087
19.228087
28.332593
11.135192
27.320982
19.228087
23.274534
23.274534
6.077133
42.495160
25.297758
28.332593
18.216475
25.297758
17.204863
25.297758
20.239699
19.228087
14.170027
27.320982
14.170027
23.274534
39.460324
18.216475
10.123580
18.216475
16.193251
22.262922
14.170027
22.262922
15.181639
14.170027
16.193251
14.170027
17.204863
31.367429
33.390653
25.297758
16.193251
18.216475
15.181639
6.077133
22.262922
13.158416
19.228087
31.367429
24.286146
18.216475
24.286146
22.262922
23.274534
19.228087
22.262922
22.262922
19.228087
23.274534
14.170027
26.309370
18.216475
34.402265
20.239699
25.297758
16.193251
17.204863
36.425488
21.251310
27.320982
24.286146
33.390653
16.193251
19.228087
28.332593
20.239699
18.216475
9.111968
25.297758
14.170027
33.390653
27.320982
34.402265
19.228087
30.355817
31.367429
24.286146
33.390653
22.262922
14.170027
12.146804
22.262922
28.332593
18.216475
27.320982
23.274534
18.216475
24.286146
34.402265
30.355817
39.460324
20.239699
21.251310
24.286146
30.355817
37.437100
12.146804
25.297758
39.460324
22.262922
30.355817
19.228087
18.216475
22.262922
9.111968
10.123580
14.170027
18.216475
17.204863
19.228087
28.332593
28.332593
33.390653
20.239699
19.228087
28.332593
23.274534
26.309370
12.146804
26.309370
14.170027
25.297758
27.320982
19.228087
30.355817
26.309370
19.228087
24.286146
45.529995
19.228087
17.204863
9.111968
27.320982
16.193251
25.297758
26.309370
28.332593
27.320982
25.297758
9.111968
19.228087
36.425488
30.355817
11.135192
33.390653
18.216475
24.286146
24.286146
13.158416
22.262922
12.146804
6.077133
14.170027
31.367429
22.262922
19.228087
15.181639
23.274534
14.170027
24.286146
8.100356
25.297758
16.193251
23.274534
23.274534
27.320982
16.193251
18.216475
14.170027
22.262922
26.309370
17.204863
24.286146
21.251310
25.297758
33.390653
22.262922
26.309370
13.158416
27.320982
19.228087
22.262922
30.355817
30.355817
37.437100
36.425488
28.332593
24.286146
22.262922
10.123580
27.320982
45.529995
20.239699
17.204863
20.239699
28.332593
19.228087
22.262922
22.262922
19.228087
22.262922
13.158416
14.170027
20.239699
28.332593
45.529995
19.228087
22.262922
27.320982
34.402265
16.193251
14.170027
23.274534
30.355817
17.204863
20.239699
36.425488
20.239699
5.065521
45.529995
42.495160
21.251310
18.216475
23.274534
6.077133
23.274534
26.309370
14.170027
14.170027
27.320982
16.193251
19.228087
28.332593
11.135192
19.228087
30.355817
22.262922
22.262922
14.170027
24.286146
15.181639
25.297758
30.355817
30.355817
14.170027
16.193251
23.274534
14.170027
19.228087
23.274534
20.239699
23.274534
15.181639
22.262922
37.437100
27.320982
33.390653
18.216475
18.216475
36.425488
11.135192
25.297758
22.262922
22.262922
27.320982
28.332593
22.262922
21.251310
11.135192
13.158416
41.483548
18.216475
20.239699
23.274534
26.309370
27.320982
16.193251
18.216475
22.262922
27.320982
17.204863
45.529995
22.262922
27.320982
13.158416
22.262922
25.297758
25.297758
28.332593
18.216475
22.262922
19.228087
24.286146
18.216475
20.239699
37.437100
26.309370
37.437100
30.355817
45.529995
22.262922
22.262922
26.309370
27.320982
36.425488
21.251310
26.309370
16.193251
19.228087
25.297758
23.274534
14.170027
24.286146
8.100356
26.309370
21.251310
17.204863
18.216475
25.297758
21.251310
26.309370
17.204863
21.251310
19.228087
22.262922
9.111968
22.262922
20.239699
13.158416
13.158416
27.320982
33.390653
23.274534
37.437100
18.216475
30.355817
11.135192
23.274534
25.297758
24.286146
10.123580
6.077133
37.437100
42.495160
9.111968
18.216475
18.216475
23.274534
13.158416
20.239699
14.170027
25.297758
23.274534
27.320982
16.193251
19.228087
13.158416
27.320982
18.216475
14.170027
19.228087
30.355817
14.170027
23.274534
16.193251
33.390653
16.193251
14.170027
18.216475
14.170027
14.170027
25.297758
17.204863
27.320982
21.251310
14.170027
34.402265
28.332593
22.262922
24.286146
24.286146
24.286146
30.355817
27.320982
12.146804
37.437100
27.320982
22.262922
14.170027
10.123580
23.274534
18.216475
18.216475
33.390653
39.460324
23.274534
27.320982
10.123580
28.332593
24.286146
37.437100
18.216475
5.065521
18.216475
16.193251
16.193251
5.065521
24.286146
27.320982
21.251310
19.228087
34.402265
30.355817
20.239699
15.181639
19.228087
26.309370
18.216475
37.437100
25.297758
14.170027
23.274534
28.332593
36.425488
22.262922
14.170027
20.239699
45.529995
42.495160
5.065521
23.274534
27.320982
33.390653
27.320982
33.390653
23.274534
19.228087
28.332593
28.332593
19.228087
33.390653
17.204863
17.204863
41.483548
14.170027
17.204863
16.193251
18.216475
14.170027
18.216475
34.402265
17.204863
37.437100
21.251310
19.228087
10.123580
9.111968
33.390653
12.146804
24.286146
26.309370
15.181639
37.437100
18.216475
18.216475
15.181639
25.297758
14.170027
19.228087
25.297758
23.274534
12.146804
14.170027
20.239699
27.320982
21.251310
12.146804
20.239699
14.170027
34.402265
14.170027
21.251310
22.262922
25.297758
21.251310
22.262922
27.320982
33.390653
17.204863
26.309370
20.239699
23.274534
16.193251
36.425488
15.181639
23.274534
23.274534
19.228087
37.437100
18.216475
22.262922
10.123580
13.158416
16.193251
22.262922
23.274534
22.262922
14.170027
20.239699
10.123580
24.286146
19.228087
30.355817
19.228087
25.297758
20.239699
33.390653
19.228087
26.309370
27.320982
16.193251
37.437100
21.251310
22.262922
28.332593
19.228087
14.170027
16.193251
23.274534
33.390653
20.239699
22.262922
27.320982
19.228087
20.239699
33.390653
24.286146
22.262922
17.204863
6.077133
33.390653
20.239699
18.216475
21.251310
22.262922
18.216475
14.170027
19.228087
31.367429
26.309370
23.274534
22.262922
30.355817
14.170027
12.146804
16.193251
23.274534
22.262922
10.123580
25.297758
15.181639
14.170027
14.170027
11.135192
30.355817
23.274534
19.228087
27.320982
34.402265
19.228087
23.274534
18.216475
14.170027
33.390653
30.355817
23.274534
20.239699
22.262922
30.355817
24.286146
27.320982
27.320982
24.286146
26.309370
26.309370
19.228087
31.367429
31.367429
24.286146
19.228087
18.216475
22.262922
11.135192
19.228087
33.390653
26.309370
30.355817
20.239699
14.170027
42.495160
24.286146
26.309370
6.077133
23.274534
11.135192
17.204863
27.320982
20.239699
6.077133
22.262922
18.216475
42.495160
16.193251
16.193251
10.123580
18.216475
23.274534
19.228087
18.216475
23.274534
24.286146
41.483548
23.274534
19.228087
27.320982
20.239699
14.170027
5.065521
18.216475
20.239699
14.170027
25.297758
16.193251
5.065521
20.239699
31.367429
27.320982
28.332593
19.228087
30.355817
22.262922
13.158416
33.390653
20.239699
18.216475
28.332593
22.262922
17.204863
25.297758
17.204863
13.158416
22.262922
14.170027
10.123580
21.251310
33.390653
16.193251
30.355817
23.274534
19.228087
34.402265
21.251310
14.170027
21.251310
22.262922
26.309370
27.320982
27.320982
23.274534
21.251310
23.274534
21.251310
19.228087
19.228087
19.228087
26.309370
27.320982
19.228087
20.239699
21.251310
14.170027
23.274534
10.123580
23.274534
14.170027
21.251310
14.170027
25.297758
28.332593
31.367429
26.309370
16.193251
33.390653
6.077133
24.286146
45.529995
39.460324
31.367429
22.262922
14.170027
36.425488
6.077133
17.204863
14.170027
26.309370
26.309370
37.437100
19.228087
25.297758
25.297758
19.228087
25.297758
19.228087
18.216475
15.181639
11.135192
17.204863
14.170027
27.320982
30.355817
16.193251
5.065521
13.158416
27.320982
22.262922
14.170027
25.297758
23.274534
23.274534
17.204863
26.309370
30.355817
22.262922
6.077133
19.228087
22.262922
31.367429
21.251310
20.239699
18.216475
10.123580
21.251310
14.170027
28.332593
14.170027
16.193251
19.228087
26.309370
28.332593
19.228087
31.367429
23.274534
18.216475
18.216475
25.297758
45.529995
13.158416
13.158416
21.251310
9.111968
18.216475
26.309370
19.228087
21.251310
21.251310
20.239699
31.367429
18.216475
19.228087
21.251310
23.274534
14.170027
30.355817
21.251310
20.239699
20.239699
45.529995
14.170027
45.529995
11.135192
23.274534
30.355817
15.181639
26.309370
18.216475
30.355817
13.158416
14.170027
14.170027
22.262922
22.262922
22.262922
22.262922
23.274534
26.309370
17.204863
25.297758
24.286146
15.181639
19.228087
6.077133
17.204863
26.309370
13.158416
14.170027
23.274534
19.228087
30.355817
33.390653
19.228087
13.158416
22.262922
9.111968
16.193251
30.355817
33.390653
25.297758
16.193251
27.320982
14.170027
13.158416
19.228087
12.146804
23.274534
33.390653
30.355817
19.228087
12.146804
24.286146
23.274534
21.251310
39.460324
26.309370
25.297758
17.204863
23.274534
28.332593
19.228087
30.355817
19.228087
26.309370
18.216475
14.170027
27.320982
24.286146
18.216475
37.437100
19.228087
23.274534
45.529995
12.146804
22.262922
14.170027
13.158416
9.111968
20.239699
10.123580
34.402265
33.390653
19.228087
17.204863
16.193251
23.274534
27.320982
23.274534
37.437100
25.297758
28.332593
23.274534
30.355817
21.251310
20.239699
23.274534
16.193251
20.239699
17.204863
37.437100
10.123580
26.309370
17.204863
27.320982
6.077133
15.181639
16.193251
19.228087
30.355817
22.262922
24.286146
19.228087
14.170027
25.297758
10.123580
14.170027
18.216475
41.483548
10.123580
19.228087
25.297758
24.286146
10.123580
30.355817
30.355817
33.390653
27.320982
19.228087
22.262922
33.390653
22.262922
23.274534
10.123580
19.228087
23.274534
5.065521
33.390653
25.297758
12.146804
14.170027
30.355817
18.216475
25.297758
16.193251
27.320982
37.437100
28.332593
18.216475
14.170027
23.274534
17.204863
30.355817
37.437100
27.320982
24.286146
14.170027
23.274534
18.216475
14.170027
14.170027
19.228087
22.262922
16.193251
27.320982
18.216475
21.251310
18.216475
23.274534
39.460324
37.437100
28.332593
20.239699
11.135192
14.170027
30.355817
14.170027
25.297758
12.146804
19.228087
12.146804
30.355817
26.309370
22.262922
30.355817
27.320982
15.181639
13.158416
18.216475
11.135192
16.193251
18.216475
14.170027
20.239699
12.146804
21.251310
22.262922
23.274534
26.309370
12.146804
14.170027
13.158416
16.193251
27.320982
10.123580
14.170027
19.228087
21.251310
18.216475
10.123580
10.123580
14.170027
10.123580
28.332593
21.251310
12.146804
21.251310
14.170027
14.170027
25.297758
19.228087
30.355817
25.297758
24.286146
26.309370
30.355817
14.170027
22.262922
26.309370
36.425488
17.204863
23.274534
10.123580
15.181639
16.193251
25.297758
6.077133
21.251310
27.320982
24.286146
27.320982
23.274534
30.355817
22.262922
24.286146
28.332593
31.367429
15.181639
19.228087
23.274534
23.274534
21.251310
23.274534
16.193251
21.251310
25.297758
14.170027
16.193251
14.170027
45.529995
23.274534
12.146804
27.320982
42.495160
20.239699
14.170027
18.216475
16.193251
31.367429
28.332593
33.390653
19.228087
24.286146
30.355817
24.286146
14.170027
27.320982
