7.037076
31.106449
17.065982
8.039967
7.037076
8.039967
9.042858
17.065982
11.048639
15.060201
14.057310
9.042858
13.054420
10.045748
15.060201
35.118011
6.034186
5.031295
9.042858
15.060201
12.051529
6.034186
28.097777
5.031295
3.025514
3.025514
13.054420
11.048639
20.074653
6.034186
7.037076
17.065982
9.042858
11.048639
24.086215
13.054420
24.086215
19.071763
14.057310
20.074653
7.037076
9.042858
28.097777
12.051529
10.045748
35.118011
11.048639
14.057310
21.077544
20.074653
6.034186
16.063091
15.060201
7.037076
6.034186
13.054420
6.034186
11.048639
7.037076
20.074653
7.037076
22.080434
8.039967
3.025514
7.037076
5.031295
24.086215
3.025514
11.048639
17.065982
15.060201
7.037076
12.051529
21.077544
16.063091
21.077544
15.060201
11.048639
21.077544
16.063091
20.074653
3.025514
21.077544
12.051529
16.063091
20.074653
13.054420
11.048639
24.086215
21.077544
9.042858
13.054420
14.057310
13.054420
13.054420
3.025514
22.080434
17.065982
7.037076
19.071763
9.042858
7.037076
12.051529
20.074653
11.048639
11.048639
21.077544
9.042858
25.089106
8.039967
22.080434
3.025514
12.051529
3.025514
3.025514
10.045748
17.065982
10.045748
7.037076
35.118011
20.074653
9.042858
15.060201
17.065982
20.074653
10.045748
17.065982
15.060201
14.057310
17.065982
14.057310
8.039967
21.077544
6.034186
17.065982
17.065982
15.060201
7.037076
9.042858
16.063091
20.074653
22.080434
11.048639
21.077544
11.048639
14.057310
12.051529
12.051529
7.037076
13.054420
7.037076
19.071763
3.025514
10.045748
9.042858
19.071763
14.057310
21.077544
9.042858
13.054420
16.063091
14.057310
17.065982
13.054420
19.071763
3.025514
11.048639
16.063091
3.025514
15.060201
8.039967
17.065982
4.028405
11.048639
15.060201
14.057310
10.045748
15.060201
15.060201
15.060201
9.042858
13.054420
16.063091
16.063091
19.071763
24.086215
5.031295
9.042858
13.054420
31.106449
17.065982
5.031295
15.060201
28.097777
11.048639
19.071763
35.118011
18.068872
11.048639
11.048639
10.045748
10.045748
6.034186
22.080434
11.048639
8.039967
17.065982
9.042858
7.037076
3.025514
22.080434
15.060201
17.065982
19.071763
17.065982
19.071763
7.037076
21.077544
8.039967
29.100668
12.051529
19.071763
8.039967
7.037076
22.080434
11.048639
7.037076
19.071763
19.071763
19.071763
16.063091
10.045748
19.071763
22.080434
5.031295
14.057310
11.048639
14.057310
4.028405
14.057310
14.057310
3.025514
19.071763
12.051529
19.071763
12.051529
10.045748
19.071763
14.057310
15.060201
20.074653
8.039967
7.037076
13.054420
15.060201
5.031295
11.048639
12.051529
14.057310
17.065982
22.080434
8.039967
17.065982
18.068872
17.065982
14.057310
11.048639
16.063091
11.048639
12.051529
31.106449
7.037076
6.034186
28.097777
10.045748
8.039967
3.025514
11.048639
14.057310
16.063091
10.045748
10.045748
8.039967
9.042858
20.074653
10.045748
14.057310
7.037076
3.025514
16.063091
3.025514
16.063091
22.080434
17.065982
17.065982
13.054420
3.025514
15.060201
7.037076
17.065982
20.074653
15.060201
19.071763
17.065982
14.057310
9.042858
15.060201
15.060201
16.063091
7.037076
14.057310
17.065982
6.034186
29.100668
6.034186
9.042858
12.051529
15.060201
11.048639
7.037076
5.031295
10.045748
11.048639
9.042858
3.025514
15.060201
19.071763
13.054420
3.025514
15.060201
10.045748
3.025514
6.034186
16.063091
10.045748
8.039967
3.025514
6.034186
3.025514
11.048639
11.048639
3.025514
9.042858
6.034186
17.065982
12.051529
6.034186
20.074653
11.048639
11.048639
14.057310
8.039967
19.071763
7.037076
18.068872
6.034186
14.057310
14.057310
5.031295
24.086215
10.045748
14.057310
17.065982
14.057310
11.048639
7.037076
13.054420
8.039967
9.042858
8.039967
13.054420
11.048639
15.060201
8.039967
9.042858
7.037076
13.054420
9.042858
20.074653
10.045748
7.037076
11.048639
11.048639
5.031295
7.037076
7.037076
17.065982
6.034186
19.071763
6.034186
13.054420
29.100668
21.077544
15.060201
7.037076
19.071763
10.045748
9.042858
10.045748
24.086215
20.074653
11.048639
10.045748
16.063091
13.054420
21.077544
17.065982
11.048639
17.065982
9.042858
11.048639
7.037076
19.071763
6.034186
11.048639
20.074653
25.089106
8.039967
7.037076
11.048639
7.037076
10.045748
21.077544
7.037076
6.034186
6.034186
11.048639
10.045748
16.063091
9.042858
11.048639
17.065982
22.080434
10.045748
11.048639
5.031295
12.051529
13.054420
7.037076
12.051529
15.060201
3.025514
3.025514
3.025514
12.051529
11.048639
15.060201
10.045748
19.071763
19.071763
8.039967
9.042858
25.089106
8.039967
15.060201
11.048639
7.037076
19.071763
19.071763
11.048639
7.037076
8.039967
9.042858
17.065982
3.025514
20.074653
16.063091
17.065982
13.054420
3.025514
21.077544
9.042858
11.048639
22.080434
3.025514
5.031295
17.065982
9.042858
7.037076
11.048639
20.074653
9.042858
7.037076
9.042858
19.071763
16.063091
11.048639
19.071763
14.057310
7.037076
8.039967
19.071763
19.071763
22.080434
12.051529
17.065982
10.045748
6.034186
11.048639
5.031295
24.086215
5.031295
20.074653
24.086215
5.031295
10.045748
9.042858
5.031295
24.086215
9.042858
10.045748
9.042858
5.031295
3.025514
16.063091
7.037076
19.071763
7.037076
14.057310
7.037076
10.045748
19.071763
19.071763
15.060201
11.048639
7.037076
22.080434
8.039967
15.060201
11.048639
14.057310
7.037076
6.034186
5.031295
9.042858
24.086215
13.054420
7.037076
13.054420
21.077544
17.065982
16.063091
3.025514
16.063091
7.037076
5.031295
16.063091
3.025514
22.080434
15.060201
13.054420
6.034186
31.106449
8.039967
11.048639
3.025514
19.071763
22.080434
5.031295
3.025514
12.051529
17.065982
15.060201
14.057310
14.057310
15.060201
3.025514
7.037076
7.037076
5.031295
7.037076
6.034186
13.054420
12.051529
6.034186
14.057310
24.086215
11.048639
8.039967
7.037076
11.048639
17.065982
16.063091
10.045748
10.045748
19.071763
12.051529
8.039967
9.042858
14.057310
17.065982
35.118011
13.054420
11.048639
24.086215
16.063091
17.065982
6.034186
6.034186
17.065982
17.065982
13.054420
5.031295
15.060201
7.037076
9.042858
3.025514
17.065982
9.042858
9.042858
4.028405
12.051529
17.065982
24.086215
13.054420
10.045748
6.034186
15.060201
9.042858
7.037076
5.031295
7.037076
3.025514
14.057310
5.031295
7.037076
15.060201
8.039967
11.048639
6.034186
14.057310
19.071763
13.054420
10.045748
9.042858
20.074653
19.071763
11.048639
17.065982
35.118011
19.071763
8.039967
14.057310
17.065982
22.080434
5.031295
7.037076
20.074653
19.071763
5.031295
9.042858
16.063091
11.048639
14.057310
12.051529
13.054420
5.031295
3.025514
20.074653
13.054420
9.042858
6.034186
8.039967
17.065982
5.031295
8.039967
9.042858
17.065982
7.037076
25.089106
19.071763
17.065982
22.080434
12.051529
22.080434
15.060201
13.054420
21.077544
3.025514
6.034186
20.074653
20.074653
28.097777
6.034186
8.039967
3.025514
24.086215
11.048639
18.068872
8.039967
17.065982
17.065982
19.071763
22.080434
3.025514
19.071763
19.071763
9.042858
20.074653
7.037076
8.039967
20.074653
8.039967
19.071763
11.048639
17.065982
9.042858
19.071763
5.031295
15.060201
5.031295
7.037076
11.048639
11.048639
19.071763
22.080434
24.086215
16.063091
16.063091
9.042858
28.097777
14.057310
8.039967
8.039967
15.060201
15.060201
16.063091
11.048639
13.054420
15.060201
31.106449
14.057310
29.100668
8.039967
20.074653
12.051529
19.071763
7.037076
10.045748
9.042858
6.034186
21.077544
7.037076
3.025514
6.034186
3.025514
14.057310
19.071763
13.054420
16.063091
16.063091
11.048639
3.025514
22.080434
13.054420
8.039967
14.057310
14.057310
6.034186
10.045748
6.034186
22.080434
21.077544
16.063091
13.054420
31.106449
24.086215
19.071763
11.048639
3.025514
19.071763
15.060201
8.039967
15.060201
5.031295
16.063091
16.063091
7.037076
15.060201
3.025514
5.031295
12.051529
7.037076
9.042858
19.071763
21.077544
6.034186
19.071763
9.042858
8.039967
22.080434
10.045748
15.060201
6.034186
7.037076
9.042858
3.025514
7.037076
19.071763
8.039967
8.039967
22.080434
15.060201
22.080434
5.031295
10.045748
19.071763
20.074653
12.051529
8.039967
3.025514
11.048639
11.048639
17.065982
3.025514
16.063091
10.045748
17.065982
11.048639
35.118011
8.039967
19.071763
19.071763
10.045748
9.042858
5.031295
9.042858
15.060201
21.077544
14.057310
22.080434
13.054420
3.025514
7.037076
16.063091
12.051529
13.054420
6.034186
3.025514
6.034186
8.039967
8.039967
20.074653
19.071763
29.100668
8.039967
16.063091
7.037076
10.045748
9.042858
10.045748
35.118011
16.063091
16.063091
14.057310
6.034186
10.045748
11.048639
3.025514
20.074653
8.039967
13.054420
15.060201
12.051529
10.045748
13.054420
17.065982
11.048639
24.086215
21.077544
15.060201
16.063091
12.051529
11.048639
19.071763
11.048639
12.051529
14.057310
9.042858
17.065982
21.077544
9.042858
16.063091
12.051529
6.034186
16.063091
19.071763
15.060201
31.106449
12.051529
13.054420
17.065982
7.037076
11.048639
21.077544
13.054420
7.037076
10.045748
11.048639
10.045748
13.054420
15.060201
16.063091
12.051529
8.039967
9.042858
31.106449
17.065982
10.045748
16.063091
15.060201
15.060201
4.028405
5.031295
7.037076
19.071763
7.037076
19.071763
6.034186
7.037076
8.039967
9.042858
4.028405
13.054420
7.037076
10.045748
11.048639
7.037076
5.031295
10.045748
10.045748
20.074653
7.037076
11.048639
3.025514
19.071763
14.057310
3.025514
11.048639
8.039967
25.089106
15.060201
5.031295
7.037076
18.068872
22.080434
8.039967
20.074653
15.060201
20.074653
4.028405
9.042858
10.045748
7.037076
7.037076
15.060201
9.042858
11.048639
15.060201
22.080434
6.034186
18.068872
9.042858
5.031295
16.063091
11.048639
19.071763
11.048639
13.054420
3.025514
20.074653
7.037076
6.034186
19.071763
3.025514
9.042858
17.065982
10.045748
5.031295
9.042858
20.074653
17.065982
8.039967
3.025514
24.086215
15.060201
11.048639
8.039967
12.051529
11.048639
18.068872
9.042858
11.048639
20.074653
20.074653
9.042858
3.025514
24.086215
12.051529
8.039967
15.060201
11.048639
9.042858
11.048639
11.048639
7.037076
10.045748
11.048639
8.039967
13.054420
20.074653
13.054420
21.077544
7.037076
16.063091
3.025514
9.042858
16.063091
16.063091
7.037076
28.097777
19.071763
19.071763
13.054420
7.037076
13.054420
21.077544
24.086215
3.025514
19.071763
10.045748
7.037076
16.063091
19.071763
14.057310
25.089106
19.071763
24.086215
7.037076
11.048639
19.071763
3.025514
24.086215
7.037076
35.118011
8.039967
10.045748
11.048639
16.063091
10.045748
19.071763
12.051529
14.057310
7.037076
35.118011
11.048639
22.080434
10.045748
14.057310
9.042858
31.106449
15.060201
21.077544
10.045748
24.086215
6.034186
16.063091
19.071763
13.054420
8.039967
17.065982
21.077544
5.031295
15.060201
16.063091
7.037076
20.074653
5.031295
20.074653
19.071763
22.080434
12.051529
11.048639
20.074653
9.042858
11.048639
11.048639
7.037076
8.039967
14.057310
28.097777
15.060201
8.039967
16.063091
13.054420
13.054420
7.037076
11.048639
25.089106
10.045748
25.089106
19.071763
12.051529
13.054420
16.063091
35.118011
14.057310
8.039967
10.045748
7.037076
11.048639
9.042858
18.068872
8.039967
13.054420
8.039967
17.065982
35.118011
29.100668
17.065982
18.068872
14.057310
22.080434
8.039967
15.060201
8.039967
15.060201
9.042858
22.080434
6.034186
11.048639
13.054420
22.080434
7.037076
5.031295
5.031295
22.080434
8.039967
13.054420
17.065982
5.031295
5.031295
12.051529
19.071763
8.039967
9.042858
19.071763
3.025514
3.025514
7.037076
7.037076
9.042858
11.048639
3.025514
3.025514
10.045748
14.057310
15.060201
12.051529
6.034186
15.060201
5.031295
19.071763
4.028405
7.037076
5.031295
7.037076
22.080434
21.077544
21.077544
17.065982
5.031295
7.037076
11.048639
9.042858
29.100668
20.074653
22.080434
16.063091
35.118011
11.048639
7.037076
6.034186
19.071763
20.074653
8.039967
5.031295
10.045748
17.065982
20.074653
9.042858
11.048639
3.025514
9.042858
11.048639
7.037076
11.048639
15.060201
3.025514
17.065982
