6
18
10
15
12
9
11
7
12
10
21
7
17
17
10
11
15
11
10
13
17
10
19
11
19
12
12
17
12
13
11
14
13
11
20
9
12
24
11
13
10
20
13
11
12
17
16
10
12
8
14
8
15
18
9
6
14
9
15
15
16
12
11
12
18
16
9
10
9
14
9
19
10
9
11
14
19
12
15
15
10
19
11
12
15
15
10
10
9
15
12
10
11
20
8
8
13
15
10
11
8
18
13
22
13
20
12
10
13
18
15
10
9
12
10
24
10
10
10
11
13
16
12
13
17
12
14
11
13
24
11
23
19
15
22
21
23
12
9
18
20
19
9
7
8
6
10
15
10
12
11
10
8
13
11
16
12
9
19
17
12
17
12
10
21
14
13
6
15
19
21
14
9
12
12
19
21
10
12
18
6
17
14
12
14
17
11
18
13
28
17
18
12
18
11
11
6
9
7
12
13
17
19
9
9
11
12
19
11
17
24
17
14
13
7
16
11
19
20
13
17
14
15
19
6
8
13
10
15
13
19
13
10
14
13
9
14
13
10
15
15
19
11
21
15
15
13
13
12
13
15
22
13
11
15
7
15
13
8
11
18
15
9
11
11
13
21
21
17
10
9
8
20
15
8
15
14
14
7
14
9
12
8
16
19
7
22
17
11
11
11
13
9
11
15
15
12
14
20
10
11
8
11
12
12
8
23
13
21
13
14
30
14
14
9
11
12
14
14
16
18
12
18
9
16
15
17
9
18
14
16
16
9
14
13
19
10
14
20
11
13
11
12
9
17
10
21
15
18
5
13
9
10
19
17
24
19
11
8
18
12
16
9
10
12
12
9
20
15
17
24
16
16
14
8
13
7
17
20
12
17
9
9
17
17
18
9
17
6
29
12
17
23
9
9
10
11
13
18
19
32
11
19
19
17
14
21
7
25
13
13
15
12
10
13
20
13
9
16
12
11
31
15
14
9
13
14
7
11
15
9
14
14
14
16
22
22
12
12
15
23
12
5
13
11
12
15
19
12
15
15
16
11
9
18
13
21
18
11
12
18
18
12
14
19
9
13
13
13
6
12
18
6
22
10
27
17
8
18
14
18
15
8
10
11
12
15
5
22
11
15
13
11
10
12
9
15
24
13
16
13
28
19
20
14
20
9
17
10
13
15
16
16
12
11
11
8
11
15
19
14
9
17
16
15
20
24
18
8
9
13
20
19
13
11
21
6
6
11
15
25
18
14
10
7
13
8
12
18
17
10
17
8
8
17
13
24
12
15
20
6
19
10
19
14
30
11
10
9
15
10
10
11
21
26
17
31
5
20
14
18
7
17
8
8
15
9
10
20
6
18
11
20
8
21
10
10
19
19
13
13
10
14
10
4
7
10
22
8
13
10
14
14
12
9
15
17
9
10
13
8
13
10
16
14
13
11
15
23
13
10
10
15
11
14
12
13
10
18
14
12
14
11
16
15
20
13
12
19
14
15
10
13
14
8
6
16
15
11
16
11
21
11
12
12
14
17
15
21
9
14
13
7
