37.132248
35.162054
12.504823
19.400502
23.340890
28.266375
45.013024
29.251472
16.445211
49.938509
49.938509
43.042830
14.475017
52.893800
38.117345
16.445211
43.042830
57.819285
24.325987
23.340890
19.400502
57.819285
45.013024
35.162054
43.042830
17.430308
44.027927
51.908703
24.325987
20.385599
13.489920
67.670255
9.549532
19.400502
26.296181
43.042830
18.415405
35.162054
25.311084
38.117345
45.013024
35.162054
16.445211
31.221666
21.370696
30.236569
31.221666
37.132248
46.983218
39.102442
21.370696
21.370696
20.385599
43.042830
39.102442
17.430308
52.893800
68.655352
55.849091
39.102442
21.370696
40.087539
31.221666
31.221666
27.281278
26.296181
20.385599
9.549532
51.908703
29.251472
35.162054
45.013024
24.325987
27.281278
9.549532
13.489920
9.549532
51.908703
26.296181
25.311084
32.206763
51.908703
43.042830
13.489920
32.206763
24.325987
25.311084
50.923606
32.206763
37.132248
35.162054
32.206763
67.670255
34.176957
55.849091
10.534629
30.236569
33.191860
37.132248
24.325987
15.460114
35.162054
26.296181
26.296181
41.072636
12.504823
43.042830
26.296181
19.400502
26.296181
43.042830
13.489920
20.385599
38.117345
45.013024
30.236569
14.475017
28.266375
30.236569
13.489920
26.296181
51.908703
28.266375
43.042830
35.162054
17.430308
44.027927
21.370696
43.042830
24.325987
20.385599
18.415405
25.311084
50.923606
40.087539
17.430308
34.176957
28.266375
31.221666
16.445211
10.534629
33.191860
21.370696
52.893800
38.117345
13.489920
32.206763
24.325987
35.162054
27.281278
44.027927
19.400502
29.251472
42.057733
38.117345
28.266375
38.117345
55.849091
44.027927
25.311084
43.042830
28.266375
30.236569
11.519726
12.504823
31.221666
43.042830
37.132248
24.325987
31.221666
49.938509
52.893800
37.132248
42.057733
16.445211
28.266375
20.385599
49.938509
55.849091
37.132248
11.519726
38.117345
18.415405
40.087539
33.191860
27.281278
45.013024
32.206763
19.400502
44.027927
51.908703
45.998121
26.296181
25.311084
33.191860
31.221666
59.789479
22.355793
32.206763
29.251472
16.445211
25.311084
41.072636
42.057733
43.042830
51.908703
29.251472
19.400502
44.027927
21.370696
16.445211
49.938509
19.400502
13.489920
23.340890
46.983218
24.325987
28.266375
11.519726
52.893800
45.013024
32.206763
38.117345
19.400502
24.325987
10.534629
19.400502
52.893800
52.893800
15.460114
35.162054
29.251472
18.415405
21.370696
47.968315
36.147151
10.534629
38.117345
39.102442
38.117345
25.311084
59.789479
19.400502
41.072636
57.819285
42.057733
29.251472
23.340890
34.176957
20.385599
23.340890
39.102442
20.385599
21.370696
20.385599
32.206763
28.266375
40.087539
52.893800
13.489920
35.162054
52.893800
46.983218
14.475017
16.445211
26.296181
23.340890
21.370696
10.534629
20.385599
24.325987
34.176957
55.849091
43.042830
49.938509
35.162054
30.236569
24.325987
12.504823
20.385599
55.849091
23.340890
16.445211
35.162054
58.804382
38.117345
44.027927
25.311084
43.042830
40.087539
51.908703
44.027927
16.445211
43.042830
32.206763
30.236569
34.176957
46.983218
16.445211
51.908703
52.893800
36.147151
32.206763
21.370696
35.162054
21.370696
56.834188
43.042830
35.162054
16.445211
49.938509
52.893800
29.251472
44.027927
38.117345
36.147151
42.057733
30.236569
17.430308
35.162054
22.355793
21.370696
34.176957
25.311084
31.221666
28.266375
20.385599
14.475017
21.370696
15.460114
22.355793
32.206763
49.938509
21.370696
31.221666
11.519726
45.998121
30.236569
31.221666
38.117345
25.311084
31.221666
49.938509
33.191860
22.355793
52.893800
40.087539
49.938509
24.325987
18.415405
12.504823
45.013024
15.460114
42.057733
39.102442
52.893800
35.162054
37.132248
13.489920
59.789479
22.355793
67.670255
28.266375
39.102442
26.296181
48.953412
38.117345
29.251472
37.132248
25.311084
31.221666
14.475017
27.281278
20.385599
51.908703
49.938509
18.415405
19.400502
22.355793
35.162054
57.819285
10.534629
28.266375
44.027927
45.998121
16.445211
38.117345
34.176957
25.311084
38.117345
39.102442
16.445211
21.370696
55.849091
32.206763
39.102442
35.162054
16.445211
52.893800
34.176957
52.893800
28.266375
44.027927
49.938509
12.504823
13.489920
39.102442
56.834188
36.147151
28.266375
52.893800
22.355793
25.311084
33.191860
47.968315
45.013024
34.176957
33.191860
39.102442
57.819285
10.534629
16.445211
50.923606
11.519726
9.549532
35.162054
51.908703
29.251472
30.236569
46.983218
39.102442
38.117345
30.236569
30.236569
27.281278
34.176957
67.670255
38.117345
38.117345
46.983218
67.670255
48.953412
27.281278
21.370696
11.519726
52.893800
21.370696
49.938509
32.206763
34.176957
10.534629
23.340890
43.042830
15.460114
29.251472
21.370696
45.998121
39.102442
30.236569
42.057733
34.176957
33.191860
40.087539
13.489920
45.013024
40.087539
35.162054
10.534629
24.325987
13.489920
43.042830
24.325987
12.504823
9.549532
33.191860
28.266375
24.325987
18.415405
30.236569
33.191860
20.385599
31.221666
35.162054
45.013024
44.027927
30.236569
24.325987
20.385599
13.489920
34.176957
59.789479
13.489920
19.400502
43.042830
11.519726
30.236569
37.132248
19.400502
28.266375
44.027927
17.430308
24.325987
41.072636
33.191860
44.027927
26.296181
44.027927
25.311084
43.042830
25.311084
34.176957
19.400502
47.968315
45.998121
45.013024
45.013024
28.266375
11.519726
47.968315
23.340890
56.834188
31.221666
38.117345
24.325987
28.266375
44.027927
36.147151
20.385599
21.370696
56.834188
20.385599
20.385599
41.072636
31.221666
43.042830
10.534629
32.206763
30.236569
24.325987
20.385599
40.087539
34.176957
30.236569
17.430308
29.251472
25.311084
39.102442
28.266375
39.102442
21.370696
16.445211
30.236569
37.132248
21.370696
16.445211
38.117345
52.893800
38.117345
32.206763
11.519726
38.117345
26.296181
24.325987
26.296181
21.370696
24.325987
17.430308
30.236569
37.132248
11.519726
26.296181
30.236569
29.251472
56.834188
22.355793
16.445211
16.445211
28.266375
26.296181
45.013024
49.938509
16.445211
56.834188
14.475017
45.013024
11.519726
10.534629
13.489920
29.251472
20.385599
40.087539
25.311084
41.072636
35.162054
45.013024
52.893800
17.430308
25.311084
68.655352
34.176957
10.534629
18.415405
31.221666
20.385599
29.251472
19.400502
49.938509
35.162054
46.983218
33.191860
25.311084
29.251472
56.834188
59.789479
11.519726
31.221666
21.370696
35.162054
52.893800
56.834188
24.325987
31.221666
40.087539
12.504823
37.132248
24.325987
43.042830
40.087539
41.072636
20.385599
38.117345
27.281278
43.042830
18.415405
52.893800
43.042830
37.132248
45.013024
28.266375
56.834188
32.206763
15.460114
45.013024
21.370696
55.849091
38.117345
46.983218
20.385599
32.206763
56.834188
48.953412
35.162054
30.236569
30.236569
36.147151
11.519726
30.236569
24.325987
42.057733
12.504823
31.221666
31.221666
11.519726
19.400502
29.251472
52.893800
10.534629
14.475017
12.504823
37.132248
28.266375
40.087539
34.176957
10.534629
13.489920
19.400502
67.670255
16.445211
51.908703
46.983218
37.132248
13.489920
46.983218
31.221666
26.296181
22.355793
17.430308
21.370696
32.206763
52.893800
25.311084
24.325987
20.385599
10.534629
57.819285
31.221666
20.385599
56.834188
49.938509
20.385599
24.325987
20.385599
19.400502
38.117345
37.132248
38.117345
26.296181
43.042830
22.355793
52.893800
19.400502
38.117345
43.042830
46.983218
28.266375
14.475017
37.132248
14.475017
56.834188
11.519726
26.296181
22.355793
26.296181
49.938509
49.938509
11.519726
26.296181
10.534629
19.400502
30.236569
21.370696
35.162054
27.281278
35.162054
21.370696
68.655352
13.489920
38.117345
32.206763
16.445211
11.519726
41.072636
25.311084
38.117345
24.325987
28.266375
21.370696
24.325987
43.042830
41.072636
43.042830
41.072636
21.370696
51.908703
20.385599
33.191860
39.102442
28.266375
30.236569
25.311084
28.266375
43.042830
31.221666
52.893800
31.221666
31.221666
45.998121
29.251472
45.013024
27.281278
49.938509
39.102442
23.340890
52.893800
37.132248
29.251472
39.102442
24.325987
35.162054
73.580837
33.191860
22.355793
46.983218
51.908703
43.042830
38.117345
46.983218
68.655352
31.221666
51.908703
12.504823
30.236569
25.311084
11.519726
17.430308
30.236569
58.804382
11.519726
52.893800
31.221666
45.998121
28.266375
51.908703
40.087539
20.385599
67.670255
39.102442
12.504823
28.266375
44.027927
21.370696
20.385599
52.893800
58.804382
14.475017
37.132248
10.534629
28.266375
24.325987
55.849091
55.849091
16.445211
40.087539
19.400502
20.385599
37.132248
20.385599
46.983218
45.013024
43.042830
46.983218
42.057733
19.400502
40.087539
55.849091
52.893800
30.236569
19.400502
21.370696
16.445211
9.549532
10.534629
19.400502
36.147151
56.834188
18.415405
9.549532
13.489920
10.534629
42.057733
31.221666
16.445211
47.968315
32.206763
41.072636
40.087539
20.385599
17.430308
18.415405
13.489920
68.655352
37.132248
24.325987
23.340890
26.296181
17.430308
38.117345
17.430308
14.475017
25.311084
24.325987
43.042830
13.489920
43.042830
31.221666
24.325987
49.938509
21.370696
58.804382
38.117345
44.027927
49.938509
35.162054
45.013024
20.385599
20.385599
10.534629
41.072636
32.206763
12.504823
22.355793
10.534629
37.132248
38.117345
24.325987
28.266375
26.296181
29.251472
35.162054
25.311084
37.132248
36.147151
20.385599
27.281278
50.923606
73.580837
33.191860
18.415405
45.998121
33.191860
26.296181
30.236569
58.804382
43.042830
37.132248
34.176957
32.206763
13.489920
35.162054
14.475017
47.968315
39.102442
24.325987
19.400502
30.236569
39.102442
21.370696
16.445211
40.087539
10.534629
30.236569
30.236569
43.042830
32.206763
49.938509
52.893800
38.117345
51.908703
28.266375
43.042830
30.236569
30.236569
40.087539
52.893800
13.489920
23.340890
45.013024
11.519726
37.132248
13.489920
51.908703
37.132248
46.983218
13.489920
25.311084
23.340890
24.325987
18.415405
45.013024
18.415405
20.385599
15.460114
26.296181
15.460114
39.102442
9.549532
20.385599
13.489920
17.430308
32.206763
18.415405
24.325987
32.206763
33.191860
43.042830
15.460114
16.445211
28.266375
24.325987
26.296181
13.489920
29.251472
36.147151
50.923606
38.117345
19.400502
20.385599
36.147151
34.176957
19.400502
51.908703
21.370696
51.908703
46.983218
30.236569
26.296181
30.236569
43.042830
20.385599
47.968315
42.057733
11.519726
31.221666
26.296181
24.325987
19.400502
52.893800
18.415405
19.400502
35.162054
39.102442
24.325987
51.908703
25.311084
19.400502
18.415405
23.340890
16.445211
17.430308
30.236569
35.162054
52.893800
38.117345
31.221666
12.504823
40.087539
43.042830
46.983218
39.102442
33.191860
26.296181
44.027927
30.236569
43.042830
57.819285
41.072636
22.355793
30.236569
24.325987
34.176957
21.370696
43.042830
24.325987
31.221666
11.519726
42.057733
25.311084
49.938509
34.176957
13.489920
28.266375
17.430308
24.325987
24.325987
31.221666
18.415405
59.789479
25.311084
17.430308
36.147151
56.834188
49.938509
43.042830
21.370696
34.176957
21.370696
11.519726
56.834188
21.370696
9.549532
43.042830
19.400502
22.355793
26.296181
50.923606
30.236569
25.311084
30.236569
13.489920
38.117345
48.953412
51.908703
12.504823
31.221666
9.549532
22.355793
43.042830
25.311084
13.489920
30.236569
19.400502
15.460114
39.102442
73.580837
51.908703
55.849091
43.042830
43.042830
40.087539
30.236569
25.311084
43.042830
32.206763
28.266375
21.370696
30.236569
43.042830
27.281278
41.072636
15.460114
33.191860
24.325987
52.893800
26.296181
26.296181
52.893800
49.938509
23.340890
20.385599
40.087539
40.087539
26.296181
44.027927
56.834188
25.311084
35.162054
37.132248
30.236569
34.176957
49.938509
32.206763
38.117345
45.013024
49.938509
24.325987
11.519726
25.311084
52.893800
10.534629
51.908703
35.162054
10.534629
46.983218
48.953412
30.236569
39.102442
25.311084
38.117345
20.385599
41.072636
25.311084
28.266375
50.923606
24.325987
45.013024
43.042830
21.370696
35.162054
56.834188
26.296181
49.938509
37.132248
35.162054
32.206763
22.355793
13.489920
14.475017
39.102442
37.132248
25.311084
24.325987
49.938509
25.311084
14.475017
14.475017
12.504823
21.370696
9.549532
42.057733
24.325987
18.415405
14.475017
18.415405
10.534629
21.370696
52.893800
20.385599
14.475017
26.296181
40.087539
45.013024
47.968315
52.893800
12.504823
51.908703
46.983218
33.191860
57.819285
34.176957
38.117345
51.908703
37.132248
39.102442
49.938509
19.400502
19.400502
34.176957
67.670255
26.296181
30.236569
35.162054
21.370696
32.206763
13.489920
30.236569
44.027927
25.311084
17.430308
16.445211
45.998121
12.504823
68.655352
52.893800
49.938509
45.013024
19.400502
28.266375
40.087539
39.102442
35.162054
13.489920
45.013024
32.206763
43.042830
32.206763
55.849091
45.998121
39.102442
39.102442
28.266375
38.117345
45.013024
25.311084
22.355793
24.325987
21.370696
56.834188
29.251472
13.489920
55.849091
51.908703
46.983218
39.102442
37.132248
11.519726
29.251472
31.221666
21.370696
56.834188
12.504823
45.013024
12.504823
19.400502
30.236569
26.296181
28.266375
22.355793
10.534629
43.042830
35.162054
49.938509
29.251472
43.042830
39.102442
19.400502
31.221666
30.236569
46.983218
37.132248
52.893800
38.117345
34.176957
26.296181
39.102442
35.162054
13.489920
20.385599
26.296181
10.534629
17.430308
57.819285
46.983218
52.893800
34.176957
45.998121
39.102442
33.191860
73.580837
39.102442
22.355793
43.042830
39.102442
39.102442
41.072636
22.355793
52.893800
38.117345
10.534629
51.908703
34.176957
28.266375
30.236569
13.489920
20.385599
24.325987
43.042830
31.221666
29.251472
38.117345
24.325987
34.176957
47.968315
18.415405
45.013024
27.281278
23.340890
37.132248
27.281278
38.117345
12.504823
39.102442
55.849091
16.445211
22.355793
21.370696
58.804382
43.042830
45.998121
20.385599
44.027927
20.385599
34.176957
22.355793
31.221666
16.445211
55.849091
36.147151
10.534629
24.325987
10.534629
35.162054
19.400502
19.400502
31.221666
21.370696
18.415405
20.385599
38.117345
9.549532
9.549532
21.370696
11.519726
29.251472
39.102442
28.266375
31.221666
30.236569
29.251472
20.385599
30.236569
46.983218
30.236569
56.834188
41.072636
33.191860
47.968315
30.236569
26.296181
20.385599
24.325987
36.147151
19.400502
19.400502
29.251472
23.340890
21.370696
43.042830
28.266375
15.460114
17.430308
26.296181
31.221666
24.325987
14.475017
35.162054
26.296181
31.221666
46.983218
37.132248
13.489920
21.370696
17.430308
22.355793
45.998121
37.132248
49.938509
59.789479
10.534629
59.789479
24.325987
19.400502
39.102442
39.102442
56.834188
24.325987
13.489920
41.072636
37.132248
38.117345
13.489920
22.355793
25.311084
24.325987
24.325987
28.266375
28.266375
29.251472
51.908703
21.370696
34.176957
31.221666
38.117345
31.221666
31.221666
33.191860
19.400502
10.534629
59.789479
44.027927
55.849091
11.519726
59.789479
24.325987
13.489920
32.206763
20.385599
42.057733
25.311084
20.385599
29.251472
29.251472
43.042830
13.489920
51.908703
45.998121
24.325987
23.340890
16.445211
19.400502
39.102442
23.340890
19.400502
28.266375
15.460114
21.370696
38.117345
24.325987
28.266375
24.325987
37.132248
30.236569
19.400502
37.132248
24.325987
44.027927
55.849091
28.266375
37.132248
26.296181
35.162054
32.206763
39.102442
43.042830
51.908703
19.400502
38.117345
16.445211
26.296181
30.236569
24.325987
20.385599
18.415405
15.460114
20.385599
30.236569
35.162054
26.296181
30.236569
35.162054
37.132248
24.325987
12.504823
67.670255
11.519726
38.117345
27.281278
41.072636
38.117345
27.281278
58.804382
45.013024
24.325987
13.489920
43.042830
32.206763
30.236569
21.370696
31.221666
51.908703
20.385599
37.132248
13.489920
26.296181
30.236569
42.057733
14.475017
26.296181
37.132248
52.893800
30.236569
18.415405
45.013024
27.281278
12.504823
47.968315
27.281278
26.296181
21.370696
13.489920
14.475017
16.445211
37.132248
35.162054
32.206763
31.221666
21.370696
27.281278
25.311084
38.117345
37.132248
29.251472
49.938509
30.236569
52.893800
31.221666
37.132248
16.445211
26.296181
24.325987
29.251472
21.370696
22.355793
16.445211
46.983218
30.236569
21.370696
35.162054
59.789479
67.670255
13.489920
18.415405
52.893800
23.340890
10.534629
39.102442
38.117345
40.087539
21.370696
13.489920
27.281278
9.549532
43.042830
24.325987
30.236569
24.325987
21.370696
58.804382
56.834188
28.266375
18.415405
43.042830
31.221666
28.266375
31.221666
44.027927
49.938509
43.042830
30.236569
49.938509
15.460114
30.236569
22.355793
73.580837
25.311084
24.325987
30.236569
31.221666
73.580837
16.445211
45.013024
34.176957
32.206763
55.849091
49.938509
20.385599
12.504823
37.132248
55.849091
24.325987
19.400502
19.400502
14.475017
56.834188
31.221666
14.475017
38.117345
58.804382
25.311084
14.475017
25.311084
35.162054
39.102442
28.266375
23.340890
22.355793
21.370696
28.266375
42.057733
29.251472
13.489920
18.415405
23.340890
45.998121
23.340890
35.162054
12.504823
19.400502
23.340890
21.370696
30.236569
13.489920
27.281278
35.162054
31.221666
12.504823
59.789479
17.430308
51.908703
23.340890
30.236569
45.013024
18.415405
39.102442
52.893800
40.087539
21.370696
36.147151
38.117345
19.400502
14.475017
49.938509
56.834188
20.385599
24.325987
18.415405
45.998121
38.117345
48.953412
26.296181
46.983218
73.580837
13.489920
32.206763
27.281278
35.162054
19.400502
33.191860
13.489920
40.087539
26.296181
20.385599
39.102442
24.325987
22.355793
37.132248
31.221666
37.132248
21.370696
67.670255
49.938509
25.311084
52.893800
20.385599
26.296181
12.504823
52.893800
28.266375
32.206763
13.489920
35.162054
21.370696
33.191860
36.147151
21.370696
28.266375
55.849091
21.370696
24.325987
13.489920
43.042830
17.430308
26.296181
30.236569
48.953412
20.385599
73.580837
18.415405
29.251472
22.355793
15.460114
37.132248
35.162054
10.534629
38.117345
24.325987
24.325987
19.400502
12.504823
45.998121
12.504823
29.251472
73.580837
38.117345
19.400502
46.983218
38.117345
37.132248
43.042830
20.385599
43.042830
49.938509
10.534629
20.385599
26.296181
43.042830
51.908703
49.938509
25.311084
25.311084
25.311084
37.132248
24.325987
31.221666
9.549532
43.042830
56.834188
37.132248
55.849091
39.102442
16.445211
18.415405
34.176957
21.370696
56.834188
39.102442
32.206763
13.489920
31.221666
49.938509
37.132248
27.281278
28.266375
17.430308
45.013024
58.804382
16.445211
46.983218
11.519726
21.370696
46.983218
23.340890
24.325987
31.221666
56.834188
28.266375
30.236569
26.296181
17.430308
41.072636
33.191860
58.804382
55.849091
67.670255
23.340890
30.236569
27.281278
35.162054
33.191860
46.983218
39.102442
24.325987
38.117345
22.355793
22.355793
16.445211
43.042830
45.998121
28.266375
16.445211
50.923606
27.281278
31.221666
18.415405
58.804382
26.296181
52.893800
30.236569
27.281278
36.147151
21.370696
37.132248
40.087539
40.087539
33.191860
28.266375
42.057733
59.789479
37.132248
35.162054
22.355793
35.162054
18.415405
21.370696
23.340890
49.938509
27.281278
30.236569
11.519726
28.266375
31.221666
28.266375
45.013024
26.296181
47.968315
45.013024
49.938509
49.938509
24.325987
21.370696
34.176957
34.176957
26.296181
73.580837
49.938509
18.415405
21.370696
39.102442
17.430308
68.655352
21.370696
43.042830
43.042830
20.385599
56.834188
49.938509
30.236569
51.908703
31.221666
27.281278
24.325987
44.027927
11.519726
46.983218
38.117345
21.370696
17.430308
25.311084
45.013024
30.236569
24.325987
46.983218
31.221666
35.162054
37.132248
17.430308
21.370696
17.430308
40.087539
45.013024
31.221666
45.013024
34.176957
17.430308
26.296181
51.908703
45.013024
21.370696
21.370696
30.236569
35.162054
13.489920
37.132248
45.998121
28.266375
45.013024
18.415405
36.147151
14.475017
49.938509
28.266375
29.251472
32.206763
41.072636
25.311084
26.296181
25.311084
48.953412
46.983218
49.938509
15.460114
11.519726
21.370696
39.102442
14.475017
25.311084
43.042830
39.102442
40.087539
30.236569
9.549532
10.534629
12.504823
31.221666
30.236569
58.804382
16.445211
19.400502
20.385599
18.415405
52.893800
13.489920
45.013024
38.117345
23.340890
20.385599
35.162054
29.251472
24.325987
55.849091
20.385599
41.072636
28.266375
51.908703
20.385599
51.908703
16.445211
12.504823
28.266375
14.475017
43.042830
19.400502
42.057733
39.102442
21.370696
36.147151
26.296181
15.460114
44.027927
32.206763
46.983218
35.162054
17.430308
30.236569
37.132248
19.400502
39.102442
16.445211
35.162054
24.325987
18.415405
32.206763
25.311084
30.236569
24.325987
45.998121
39.102442
22.355793
49.938509
31.221666
19.400502
