6
8
12
14
10
13
10
17
10
20
15
8
10
12
17
8
19
20
7
19
10
6
10
10
9
10
10
10
21
10
12
12
9
22
12
14
14
10
14
8
8
12
8
10
7
15
14
12
19
12
9
11
12
11
11
15
18
7
15
11
10
13
15
11
11
12
16
16
8
19
11
16
9
12
9
17
7
9
11
10
11
7
9
13
7
15
10
14
13
14
17
5
14
13
10
10
7
14
18
13
11
17
7
10
17
22
8
12
15
12
11
19
16
8
12
28
15
9
13
17
12
11
14
16
13
16
9
15
15
15
12
21
16
16
12
12
15
17
15
7
12
28
11
22
12
12
18
9
24
15
15
10
13
10
5
13
10
6
15
10
11
11
16
21
9
13
17
11
18
12
10
17
16
18
12
8
16
14
13
10
9
12
14
14
14
19
13
23
13
14
16
16
13
17
14
9
11
9
10
8
11
12
12
10
19
16
12
9
12
8
10
11
15
14
15
11
8
15
10
9
15
11
23
10
25
7
10
12
11
12
16
21
11
12
12
18
11
21
15
12
14
20
14
12
14
13
19
15
12
13
17
13
10
8
19
17
6
13
14
10
16
17
14
13
14
15
15
9
18
20
10
10
12
10
14
12
11
11
14
8
17
12
8
14
16
14
12
8
9
11
7
17
11
14
8
8
9
9
17
11
11
17
13
8
18
18
8
9
10
23
8
18
16
17
9
9
17
11
14
16
9
8
12
10
13
12
7
11
13
12
12
9
11
12
17
17
8
9
10
12
22
16
8
16
19
8
6
16
20
17
8
12
10
13
13
12
13
20
22
24
24
10
7
16
13
12
12
21
7
11
12
13
10
13
15
15
11
15
7
11
11
14
12
15
11
7
9
19
12
13
13
15
13
9
15
17
17
11
11
9
13
14
16
13
16
14
16
17
9
11
20
13
12
15
9
14
9
12
10
15
17
17
11
22
16
13
7
18
11
10
9
17
9
15
7
7
15
9
13
8
7
8
8
10
10
12
8
13
18
15
11
12
10
18
16
9
11
22
13
7
12
10
11
11
8
14
19
13
16
8
15
19
24
15
9
9
15
26
15
8
15
8
17
15
10
16
15
9
22
12
15
19
10
8
12
21
12
8
20
12
17
13
13
12
15
6
17
10
17
15
16
14
10
13
17
15
9
13
10
11
9
13
11
14
14
6
11
13
18
15
16
16
14
13
14
12
11
23
12
13
10
15
8
13
9
14
15
11
18
11
12
13
20
15
10
15
22
10
7
9
18
13
17
14
27
15
31
18
16
16
11
9
6
8
14
13
14
15
15
8
18
16
14
25
16
10
10
7
17
14
15
10
10
14
8
9
11
22
16
12
9
19
14
18
13
10
11
17
10
11
13
7
13
17
14
20
15
14
9
17
13
13
11
23
17
14
13
10
20
11
25
16
7
13
22
14
17
19
10
10
10
13
12
22
8
10
10
14
22
10
19
10
14
14
20
24
15
11
12
13
14
10
15
15
12
12
14
10
11
13
16
15
13
25
16
10
15
8
13
12
14
15
16
16
18
15
15
15
9
10
10
8
14
9
17
14
15
22
12
10
22
10
13
17
12
22
