13.933483
25.139198
16.989587
18.008288
6.802574
20.045691
28.195302
19.026990
13.933483
23.101795
18.008288
11.896080
28.195302
50.606732
23.101795
16.989587
26.157899
54.681537
12.914782
16.989587
14.952184
12.914782
31.251406
34.307510
18.008288
37.363614
23.101795
18.008288
23.101795
27.176601
16.989587
25.139198
14.952184
19.026990
81.167772
15.970886
16.989587
27.176601
15.970886
33.288809
19.026990
26.157899
31.251406
4.765171
62.831148
36.344913
19.026990
10.877379
42.457121
15.970886
16.989587
35.326211
18.008288
47.550627
31.251406
47.550627
23.101795
19.026990
14.952184
39.401017
12.914782
15.970886
56.718940
31.251406
29.214003
27.176601
25.139198
20.045691
16.989587
18.008288
33.288809
48.569329
26.157899
24.120497
15.970886
23.101795
27.176601
40.419718
39.401017
42.457121
29.214003
20.045691
41.438419
39.401017
16.989587
20.045691
18.008288
36.344913
25.139198
63.849849
15.970886
20.045691
33.288809
31.251406
12.914782
54.681537
14.952184
28.195302
31.251406
27.176601
51.625433
47.550627
11.896080
38.382315
11.896080
34.307510
43.475822
16.989587
43.475822
27.176601
12.914782
16.989587
56.718940
11.896080
31.251406
26.157899
30.232705
80.149071
16.989587
63.849849
37.363614
29.214003
31.251406
19.026990
25.139198
51.625433
19.026990
30.232705
31.251406
11.896080
16.989587
35.326211
46.531926
27.176601
38.382315
16.989587
12.914782
19.026990
35.326211
29.214003
46.531926
27.176601
23.101795
4.765171
20.045691
33.288809
20.045691
39.401017
13.933483
19.026990
32.270107
46.531926
46.531926
24.120497
26.157899
38.382315
34.307510
27.176601
19.026990
29.214003
38.382315
29.214003
21.064392
25.139198
16.989587
14.952184
41.438419
61.812446
39.401017
65.887252
65.887252
30.232705
31.251406
15.970886
30.232705
23.101795
48.569329
22.083094
13.933483
23.101795
49.588030
24.120497
48.569329
15.970886
27.176601
38.382315
16.989587
42.457121
10.877379
31.251406
27.176601
11.896080
22.083094
34.307510
30.232705
18.008288
12.914782
16.989587
42.457121
25.139198
4.765171
25.139198
18.008288
21.064392
33.288809
19.026990
48.569329
41.438419
23.101795
13.933483
62.831148
24.120497
61.812446
11.896080
81.167772
14.952184
15.970886
15.970886
39.401017
35.326211
38.382315
13.933483
18.008288
24.120497
16.989587
43.475822
33.288809
16.989587
19.026990
23.101795
43.475822
33.288809
18.008288
47.550627
31.251406
15.970886
31.251406
35.326211
26.157899
29.214003
47.550627
15.970886
30.232705
38.382315
39.401017
30.232705
30.232705
23.101795
11.896080
15.970886
27.176601
16.989587
16.989587
35.326211
25.139198
10.877379
27.176601
20.045691
30.232705
22.083094
50.606732
18.008288
37.363614
40.419718
49.588030
34.307510
37.363614
35.326211
15.970886
37.363614
9.858678
38.382315
22.083094
47.550627
33.288809
22.083094
30.232705
15.970886
14.952184
16.989587
30.232705
27.176601
20.045691
20.045691
46.531926
16.989587
16.989587
12.914782
56.718940
25.139198
30.232705
25.139198
19.026990
15.970886
30.232705
20.045691
13.933483
28.195302
36.344913
27.176601
31.251406
14.952184
66.905953
22.083094
56.718940
79.130369
34.307510
29.214003
37.363614
12.914782
35.326211
16.989587
40.419718
40.419718
16.989587
16.989587
79.130369
15.970886
28.195302
19.026990
33.288809
11.896080
15.970886
36.344913
18.008288
30.232705
11.896080
11.896080
24.120497
19.026990
12.914782
28.195302
28.195302
50.606732
15.970886
26.157899
25.139198
16.989587
19.026990
30.232705
22.083094
47.550627
13.933483
31.251406
18.008288
41.438419
14.952184
36.344913
19.026990
36.344913
37.363614
49.588030
33.288809
27.176601
18.008288
21.064392
15.970886
26.157899
16.989587
38.382315
19.026990
51.625433
62.831148
61.812446
19.026990
23.101795
46.531926
20.045691
29.214003
11.896080
35.326211
36.344913
12.914782
48.569329
13.933483
14.952184
25.139198
35.326211
16.989587
23.101795
39.401017
24.120497
22.083094
27.176601
12.914782
29.214003
43.475822
31.251406
23.101795
40.419718
29.214003
63.849849
16.989587
36.344913
29.214003
24.120497
56.718940
22.083094
4.765171
16.989587
26.157899
20.045691
13.933483
13.933483
15.970886
65.887252
18.008288
37.363614
18.008288
36.344913
36.344913
23.101795
13.933483
36.344913
56.718940
40.419718
23.101795
28.195302
15.970886
36.344913
37.363614
15.970886
28.195302
89.317383
31.251406
16.989587
23.101795
18.008288
41.438419
33.288809
21.064392
29.214003
20.045691
23.101795
29.214003
22.083094
30.232705
18.008288
25.139198
46.531926
23.101795
36.344913
19.026990
14.952184
39.401017
49.588030
51.625433
14.952184
28.195302
36.344913
15.970886
36.344913
16.989587
18.008288
21.064392
27.176601
26.157899
31.251406
16.989587
19.026990
36.344913
35.326211
14.952184
14.952184
80.149071
16.989587
30.232705
16.989587
40.419718
26.157899
15.970886
36.344913
35.326211
20.045691
42.457121
54.681537
26.157899
16.989587
26.157899
15.970886
36.344913
40.419718
39.401017
22.083094
37.363614
28.195302
24.120497
12.914782
29.214003
42.457121
39.401017
18.008288
15.970886
16.989587
12.914782
24.120497
62.831148
40.419718
27.176601
21.064392
22.083094
39.401017
39.401017
25.139198
31.251406
80.149071
12.914782
15.970886
13.933483
40.419718
16.989587
36.344913
38.382315
20.045691
15.970886
29.214003
24.120497
15.970886
20.045691
43.475822
14.952184
35.326211
14.952184
24.120497
40.419718
31.251406
18.008288
15.970886
26.157899
30.232705
15.970886
39.401017
16.989587
31.251406
15.970886
40.419718
25.139198
23.101795
16.989587
48.569329
81.167772
19.026990
36.344913
31.251406
19.026990
23.101795
18.008288
43.475822
36.344913
20.045691
11.896080
43.475822
16.989587
37.363614
20.045691
34.307510
36.344913
35.326211
34.307510
14.952184
23.101795
36.344913
24.120497
12.914782
25.139198
12.914782
50.606732
27.176601
25.139198
29.214003
35.326211
23.101795
12.914782
29.214003
27.176601
16.989587
16.989587
14.952184
42.457121
27.176601
30.232705
23.101795
23.101795
31.251406
12.914782
18.008288
50.606732
30.232705
25.139198
13.933483
43.475822
36.344913
14.952184
62.831148
50.606732
36.344913
37.363614
38.382315
22.083094
61.812446
16.989587
9.858678
27.176601
27.176601
54.681537
16.989587
13.933483
62.831148
19.026990
6.802574
15.970886
31.251406
28.195302
32.270107
32.270107
24.120497
31.251406
24.120497
48.569329
28.195302
46.531926
25.139198
14.952184
62.831148
23.101795
29.214003
22.083094
32.270107
13.933483
10.877379
24.120497
63.849849
22.083094
18.008288
16.989587
47.550627
39.401017
29.214003
18.008288
14.952184
25.139198
31.251406
24.120497
20.045691
22.083094
79.130369
13.933483
27.176601
13.933483
30.232705
24.120497
15.970886
35.326211
30.232705
15.970886
20.045691
36.344913
61.812446
24.120497
37.363614
27.176601
10.877379
25.139198
33.288809
22.083094
22.083094
16.989587
27.176601
56.718940
37.363614
15.970886
20.045691
27.176601
23.101795
18.008288
20.045691
12.914782
39.401017
27.176601
14.952184
23.101795
30.232705
29.214003
38.382315
30.232705
27.176601
42.457121
16.989587
25.139198
16.989587
30.232705
20.045691
16.989587
25.139198
35.326211
30.232705
39.401017
19.026990
43.475822
25.139198
62.831148
28.195302
25.139198
22.083094
35.326211
31.251406
39.401017
26.157899
20.045691
40.419718
31.251406
31.251406
36.344913
15.970886
14.952184
81.167772
46.531926
12.914782
24.120497
11.896080
10.877379
22.083094
31.251406
56.718940
46.531926
33.288809
33.288809
26.157899
38.382315
42.457121
23.101795
30.232705
15.970886
41.438419
27.176601
29.214003
79.130369
22.083094
16.989587
12.914782
25.139198
35.326211
30.232705
30.232705
38.382315
33.288809
13.933483
79.130369
14.952184
25.139198
21.064392
14.952184
33.288809
36.344913
23.101795
23.101795
27.176601
25.139198
23.101795
36.344913
25.139198
25.139198
24.120497
16.989587
16.989587
12.914782
16.989587
34.307510
30.232705
19.026990
46.531926
24.120497
27.176601
36.344913
22.083094
15.970886
27.176601
66.905953
19.026990
66.905953
31.251406
14.952184
19.026990
26.157899
16.989587
15.970886
13.933483
40.419718
24.120497
16.989587
27.176601
25.139198
20.045691
25.139198
81.167772
28.195302
22.083094
36.344913
31.251406
20.045691
39.401017
19.026990
10.877379
16.989587
36.344913
27.176601
18.008288
25.139198
26.157899
16.989587
33.288809
23.101795
42.457121
14.952184
26.157899
36.344913
28.195302
36.344913
27.176601
25.139198
27.176601
13.933483
30.232705
37.363614
19.026990
30.232705
35.326211
16.989587
14.952184
39.401017
38.382315
31.251406
38.382315
31.251406
33.288809
22.083094
19.026990
20.045691
89.317383
33.288809
48.569329
41.438419
14.952184
11.896080
26.157899
26.157899
36.344913
16.989587
20.045691
38.382315
30.232705
29.214003
24.120497
23.101795
16.989587
30.232705
28.195302
14.952184
39.401017
25.139198
39.401017
24.120497
23.101795
33.288809
54.681537
23.101795
25.139198
16.989587
43.475822
18.008288
50.606732
20.045691
89.317383
27.176601
46.531926
12.914782
16.989587
33.288809
24.120497
27.176601
38.382315
33.288809
50.606732
34.307510
30.232705
11.896080
66.905953
43.475822
14.952184
30.232705
16.989587
9.858678
13.933483
13.933483
37.363614
65.887252
31.251406
30.232705
25.139198
26.157899
24.120497
30.232705
36.344913
36.344913
28.195302
23.101795
36.344913
39.401017
30.232705
39.401017
33.288809
30.232705
27.176601
16.989587
46.531926
20.045691
25.139198
22.083094
34.307510
38.382315
27.176601
37.363614
16.989587
36.344913
18.008288
26.157899
19.026990
36.344913
6.802574
89.317383
49.588030
51.625433
61.812446
12.914782
30.232705
50.606732
12.914782
22.083094
26.157899
15.970886
25.139198
16.989587
15.970886
20.045691
29.214003
16.989587
13.933483
16.989587
38.382315
24.120497
23.101795
14.952184
31.251406
27.176601
23.101795
48.569329
35.326211
18.008288
50.606732
40.419718
24.120497
50.606732
16.989587
13.933483
14.952184
28.195302
23.101795
40.419718
18.008288
11.896080
31.251406
28.195302
25.139198
27.176601
16.989587
12.914782
25.139198
89.317383
35.326211
12.914782
19.026990
16.989587
20.045691
13.933483
33.288809
24.120497
27.176601
22.083094
35.326211
31.251406
34.307510
24.120497
49.588030
23.101795
50.606732
36.344913
15.970886
16.989587
24.120497
16.989587
36.344913
31.251406
18.008288
27.176601
14.952184
30.232705
30.232705
24.120497
23.101795
27.176601
31.251406
23.101795
48.569329
15.970886
12.914782
19.026990
50.606732
35.326211
50.606732
12.914782
13.933483
30.232705
29.214003
22.083094
23.101795
16.989587
30.232705
23.101795
23.101795
24.120497
66.905953
13.933483
27.176601
16.989587
42.457121
16.989587
18.008288
50.606732
38.382315
39.401017
15.970886
22.083094
23.101795
15.970886
50.606732
29.214003
32.270107
37.363614
18.008288
14.952184
24.120497
36.344913
14.952184
40.419718
20.045691
25.139198
38.382315
46.531926
35.326211
27.176601
15.970886
19.026990
43.475822
40.419718
27.176601
16.989587
19.026990
16.989587
16.989587
35.326211
43.475822
22.083094
16.989587
27.176601
19.026990
21.064392
18.008288
36.344913
15.970886
54.681537
46.531926
49.588030
47.550627
30.232705
37.363614
40.419718
20.045691
15.970886
37.363614
51.625433
35.326211
20.045691
35.326211
22.083094
62.831148
36.344913
36.344913
24.120497
35.326211
21.064392
26.157899
19.026990
22.083094
18.008288
39.401017
18.008288
15.970886
23.101795
39.401017
39.401017
40.419718
25.139198
46.531926
31.251406
46.531926
80.149071
11.896080
14.952184
14.952184
41.438419
13.933483
27.176601
37.363614
33.288809
30.232705
13.933483
30.232705
19.026990
10.877379
25.139198
35.326211
28.195302
26.157899
39.401017
31.251406
30.232705
27.176601
19.026990
89.317383
27.176601
16.989587
23.101795
34.307510
46.531926
36.344913
31.251406
11.896080
47.550627
20.045691
48.569329
28.195302
22.083094
35.326211
34.307510
13.933483
12.914782
43.475822
18.008288
16.989587
31.251406
24.120497
46.531926
13.933483
24.120497
18.008288
38.382315
22.083094
20.045691
16.989587
23.101795
56.718940
33.288809
16.989587
35.326211
37.363614
19.026990
19.026990
81.167772
31.251406
27.176601
20.045691
43.475822
24.120497
35.326211
33.288809
18.008288
38.382315
43.475822
19.026990
34.307510
16.989587
20.045691
51.625433
27.176601
16.989587
27.176601
35.326211
34.307510
26.157899
30.232705
26.157899
12.914782
23.101795
16.989587
24.120497
18.008288
20.045691
23.101795
35.326211
29.214003
31.251406
16.989587
35.326211
31.251406
37.363614
24.120497
31.251406
22.083094
23.101795
37.363614
35.326211
14.952184
13.933483
10.877379
80.149071
14.952184
35.326211
26.157899
24.120497
36.344913
14.952184
30.232705
20.045691
18.008288
43.475822
30.232705
29.214003
28.195302
28.195302
25.139198
38.382315
29.214003
28.195302
16.989587
30.232705
31.251406
27.176601
41.438419
43.475822
38.382315
24.120497
46.531926
39.401017
16.989587
20.045691
31.251406
51.625433
19.026990
24.120497
13.933483
24.120497
11.896080
29.214003
31.251406
38.382315
39.401017
36.344913
40.419718
35.326211
79.130369
26.157899
10.877379
37.363614
19.026990
11.896080
35.326211
25.139198
13.933483
30.232705
35.326211
16.989587
11.896080
36.344913
35.326211
12.914782
40.419718
39.401017
43.475822
29.214003
35.326211
23.101795
13.933483
89.317383
19.026990
20.045691
24.120497
22.083094
48.569329
13.933483
36.344913
30.232705
39.401017
23.101795
48.569329
24.120497
28.195302
27.176601
27.176601
15.970886
26.157899
23.101795
25.139198
30.232705
31.251406
11.896080
33.288809
33.288809
25.139198
31.251406
16.989587
23.101795
39.401017
18.008288
20.045691
29.214003
39.401017
30.232705
25.139198
50.606732
25.139198
10.877379
37.363614
36.344913
31.251406
36.344913
15.970886
46.531926
21.064392
24.120497
18.008288
23.101795
15.970886
25.139198
37.363614
16.989587
49.588030
27.176601
24.120497
15.970886
35.326211
20.045691
37.363614
21.064392
19.026990
6.802574
19.026990
33.288809
33.288809
29.214003
36.344913
13.933483
12.914782
22.083094
23.101795
36.344913
36.344913
22.083094
23.101795
10.877379
15.970886
39.401017
18.008288
51.625433
16.989587
15.970886
35.326211
18.008288
13.933483
40.419718
9.858678
19.026990
20.045691
31.251406
26.157899
16.989587
39.401017
19.026990
22.083094
65.887252
11.896080
32.270107
27.176601
14.952184
18.008288
28.195302
13.933483
15.970886
39.401017
24.120497
16.989587
32.270107
24.120497
23.101795
39.401017
30.232705
4.765171
36.344913
19.026990
4.765171
27.176601
35.326211
35.326211
26.157899
36.344913
62.831148
30.232705
24.120497
37.363614
43.475822
25.139198
29.214003
12.914782
36.344913
14.952184
37.363614
61.812446
23.101795
31.251406
50.606732
46.531926
41.438419
31.251406
16.989587
33.288809
10.877379
33.288809
15.970886
11.896080
25.139198
16.989587
30.232705
16.989587
25.139198
27.176601
15.970886
16.989587
38.382315
36.344913
28.195302
24.120497
35.326211
20.045691
37.363614
20.045691
16.989587
19.026990
13.933483
36.344913
22.083094
18.008288
34.307510
47.550627
30.232705
36.344913
18.008288
27.176601
27.176601
25.139198
51.625433
48.569329
22.083094
32.270107
13.933483
15.970886
13.933483
27.176601
28.195302
27.176601
35.326211
31.251406
24.120497
24.120497
39.401017
22.083094
13.933483
35.326211
61.812446
29.214003
14.952184
20.045691
16.989587
10.877379
23.101795
12.914782
40.419718
16.989587
20.045691
24.120497
15.970886
39.401017
30.232705
16.989587
20.045691
16.989587
47.550627
30.232705
39.401017
16.989587
36.344913
18.008288
16.989587
22.083094
29.214003
31.251406
16.989587
19.026990
66.905953
13.933483
15.970886
13.933483
24.120497
30.232705
80.149071
12.914782
38.382315
14.952184
13.933483
16.989587
23.101795
13.933483
25.139198
37.363614
40.419718
33.288809
22.083094
34.307510
14.952184
25.139198
46.531926
30.232705
38.382315
16.989587
39.401017
38.382315
62.831148
30.232705
16.989587
43.475822
19.026990
20.045691
20.045691
24.120497
37.363614
15.970886
29.214003
36.344913
39.401017
36.344913
65.887252
31.251406
26.157899
23.101795
22.083094
22.083094
9.858678
31.251406
23.101795
13.933483
49.588030
34.307510
18.008288
33.288809
30.232705
36.344913
23.101795
33.288809
31.251406
30.232705
39.401017
27.176601
62.831148
12.914782
18.008288
36.344913
40.419718
36.344913
26.157899
15.970886
26.157899
24.120497
31.251406
23.101795
16.989587
6.802574
36.344913
16.989587
62.831148
16.989587
25.139198
14.952184
11.896080
40.419718
12.914782
18.008288
26.157899
31.251406
19.026990
19.026990
18.008288
14.952184
12.914782
27.176601
15.970886
31.251406
14.952184
62.831148
36.344913
27.176601
38.382315
34.307510
38.382315
24.120497
89.317383
18.008288
37.363614
14.952184
36.344913
29.214003
23.101795
14.952184
38.382315
24.120497
27.176601
14.952184
19.026990
35.326211
30.232705
26.157899
27.176601
31.251406
16.989587
38.382315
19.026990
36.344913
25.139198
22.083094
38.382315
29.214003
30.232705
27.176601
30.232705
16.989587
51.625433
15.970886
27.176601
13.933483
25.139198
16.989587
34.307510
30.232705
14.952184
43.475822
37.363614
36.344913
29.214003
40.419718
50.606732
46.531926
62.831148
27.176601
15.970886
25.139198
36.344913
21.064392
33.288809
16.989587
38.382315
25.139198
26.157899
20.045691
43.475822
18.008288
11.896080
20.045691
18.008288
43.475822
19.026990
18.008288
31.251406
26.157899
23.101795
27.176601
81.167772
40.419718
31.251406
12.914782
27.176601
27.176601
15.970886
33.288809
21.064392
24.120497
12.914782
16.989587
14.952184
39.401017
27.176601
14.952184
39.401017
20.045691
25.139198
36.344913
37.363614
31.251406
18.008288
25.139198
24.120497
38.382315
48.569329
28.195302
30.232705
19.026990
46.531926
48.569329
39.401017
39.401017
16.989587
25.139198
4.765171
16.989587
14.952184
22.083094
16.989587
29.214003
15.970886
16.989587
25.139198
33.288809
39.401017
30.232705
38.382315
25.139198
18.008288
38.382315
16.989587
12.914782
22.083094
50.606732
31.251406
39.401017
43.475822
12.914782
15.970886
29.214003
30.232705
27.176601
19.026990
36.344913
35.326211
16.989587
54.681537
30.232705
36.344913
30.232705
40.419718
25.139198
43.475822
11.896080
22.083094
13.933483
50.606732
24.120497
28.195302
39.401017
16.989587
31.251406
31.251406
50.606732
35.326211
39.401017
29.214003
24.120497
79.130369
27.176601
43.475822
28.195302
19.026990
16.989587
26.157899
36.344913
38.382315
31.251406
20.045691
33.288809
29.214003
22.083094
33.288809
31.251406
18.008288
20.045691
19.026990
30.232705
40.419718
39.401017
16.989587
12.914782
23.101795
39.401017
40.419718
15.970886
12.914782
56.718940
11.896080
39.401017
31.251406
22.083094
46.531926
26.157899
22.083094
16.989587
40.419718
26.157899
30.232705
24.120497
24.120497
27.176601
28.195302
34.307510
34.307510
24.120497
39.401017
27.176601
39.401017
46.531926
18.008288
15.970886
38.382315
13.933483
62.831148
16.989587
16.989587
39.401017
15.970886
18.008288
33.288809
16.989587
30.232705
39.401017
25.139198
22.083094
31.251406
21.064392
18.008288
15.970886
16.989587
25.139198
19.026990
30.232705
23.101795
24.120497
24.120497
39.401017
13.933483
19.026990
50.606732
16.989587
27.176601
30.232705
36.344913
11.896080
37.363614
23.101795
29.214003
65.887252
25.139198
37.363614
16.989587
39.401017
27.176601
62.831148
37.363614
81.167772
51.625433
29.214003
43.475822
9.858678
14.952184
16.989587
35.326211
23.101795
39.401017
16.989587
18.008288
14.952184
35.326211
18.008288
19.026990
22.083094
31.251406
14.952184
24.120497
33.288809
30.232705
16.989587
79.130369
20.045691
16.989587
63.849849
9.858678
33.288809
15.970886
39.401017
13.933483
13.933483
20.045691
18.008288
51.625433
25.139198
38.382315
27.176601
47.550627
16.989587
27.176601
16.989587
34.307510
28.195302
29.214003
36.344913
27.176601
19.026990
27.176601
27.176601
20.045691
39.401017
25.139198
30.232705
11.896080
24.120497
18.008288
11.896080
36.344913
39.401017
54.681537
9.858678
14.952184
25.139198
36.344913
31.251406
79.130369
40.419718
26.157899
31.251406
13.933483
30.232705
22.083094
16.989587
38.382315
46.531926
66.905953
13.933483
46.531926
18.008288
50.606732
22.083094
30.232705
18.008288
36.344913
39.401017
16.989587
25.139198
46.531926
29.214003
35.326211
36.344913
27.176601
29.214003
25.139198
39.401017
12.914782
27.176601
65.887252
29.214003
15.970886
30.232705
66.905953
16.989587
36.344913
14.952184
14.952184
22.083094
19.026990
81.167772
18.008288
14.952184
14.952184
40.419718
11.896080
10.877379
11.896080
29.214003
15.970886
36.344913
36.344913
20.045691
46.531926
18.008288
27.176601
30.232705
13.933483
20.045691
56.718940
30.232705
19.026990
27.176601
30.232705
12.914782
14.952184
22.083094
24.120497
38.382315
25.139198
12.914782
36.344913
34.307510
14.952184
27.176601
18.008288
15.970886
12.914782
16.989587
47.550627
16.989587
22.083094
22.083094
23.101795
33.288809
16.989587
19.026990
19.026990
25.139198
16.989587
30.232705
26.157899
46.531926
15.970886
10.877379
27.176601
30.232705
30.232705
25.139198
15.970886
31.251406
30.232705
46.531926
39.401017
66.905953
35.326211
33.288809
20.045691
13.933483
23.101795
13.933483
15.970886
16.989587
16.989587
16.989587
29.214003
22.083094
15.970886
34.307510
38.382315
39.401017
29.214003
23.101795
25.139198
81.167772
31.251406
36.344913
36.344913
9.858678
14.952184
21.064392
27.176601
27.176601
31.251406
22.083094
25.139198
36.344913
31.251406
14.952184
31.251406
29.214003
48.569329
36.344913
23.101795
15.970886
48.569329
61.812446
19.026990
36.344913
26.157899
33.288809
12.914782
63.849849
34.307510
31.251406
16.989587
12.914782
16.989587
19.026990
36.344913
36.344913
16.989587
10.877379
49.588030
43.475822
19.026990
63.849849
14.952184
49.588030
13.933483
80.149071
18.008288
41.438419
36.344913
11.896080
4.765171
16.989587
16.989587
16.989587
13.933483
30.232705
20.045691
30.232705
30.232705
34.307510
32.270107
39.401017
24.120497
15.970886
37.363614
22.083094
16.989587
16.989587
26.157899
18.008288
14.952184
22.083094
35.326211
16.989587
36.344913
35.326211
18.008288
26.157899
6.802574
27.176601
18.008288
13.933483
16.989587
40.419718
30.232705
29.214003
12.914782
37.363614
26.157899
30.232705
15.970886
25.139198
25.139198
10.877379
24.120497
31.251406
14.952184
46.531926
27.176601
13.933483
24.120497
16.989587
27.176601
10.877379
19.026990
19.026990
35.326211
14.952184
39.401017
25.139198
61.812446
30.232705
37.363614
36.344913
15.970886
43.475822
24.120497
18.008288
14.952184
23.101795
22.083094
31.251406
38.382315
13.933483
26.157899
56.718940
21.064392
13.933483
51.625433
12.914782
14.952184
39.401017
19.026990
37.363614
12.914782
9.858678
16.989587
65.887252
16.989587
54.681537
27.176601
40.419718
16.989587
38.382315
27.176601
89.317383
30.232705
46.531926
22.083094
26.157899
61.812446
10.877379
16.989587
16.989587
39.401017
79.130369
40.419718
20.045691
18.008288
13.933483
19.026990
30.232705
14.952184
28.195302
18.008288
19.026990
13.933483
54.681537
18.008288
16.989587
30.232705
15.970886
89.317383
38.382315
30.232705
11.896080
36.344913
41.438419
15.970886
80.149071
6.802574
48.569329
12.914782
20.045691
