41.872454
37.899215
40.879144
18.033023
17.039713
47.832311
36.905906
14.059785
44.852382
16.046404
28.959429
60.745336
23.992881
17.039713
22.999571
43.859073
40.879144
44.852382
28.959429
16.046404
15.053094
44.852382
21.012952
43.859073
21.012952
54.785478
30.946048
64.718575
43.859073
14.059785
15.053094
48.825621
42.865763
22.006261
30.946048
16.046404
42.865763
29.952738
61.738646
18.033023
21.012952
21.012952
16.046404
56.772098
41.872454
17.039713
60.745336
26.972809
14.059785
15.053094
14.059785
17.039713
14.059785
41.872454
12.073165
12.073165
33.925977
31.939357
23.992881
16.046404
23.992881
13.066475
19.026333
34.919286
21.012952
22.999571
15.053094
33.925977
21.012952
50.812240
12.073165
32.932667
26.972809
40.879144
40.879144
39.885834
49.818930
37.899215
44.852382
26.972809
21.012952
21.012952
16.046404
33.925977
26.972809
31.939357
17.039713
18.033023
22.999571
16.046404
15.053094
20.019642
10.086546
18.033023
22.006261
17.039713
39.885834
18.033023
18.033023
22.999571
21.012952
22.999571
37.899215
45.845692
24.986190
50.812240
38.892525
22.999571
28.959429
15.053094
19.026333
15.053094
47.832311
27.966119
25.979500
52.798859
37.899215
27.966119
41.872454
25.979500
10.086546
29.952738
31.939357
15.053094
10.086546
28.959429
10.086546
30.946048
21.012952
26.972809
56.772098
56.772098
23.992881
19.026333
19.026333
19.026333
19.026333
32.932667
58.758717
18.033023
16.046404
7.106617
41.872454
14.059785
24.986190
26.972809
31.939357
40.879144
13.066475
23.992881
21.012952
29.952738
25.979500
40.879144
41.872454
37.899215
46.839002
47.832311
23.992881
45.845692
34.919286
30.946048
7.106617
28.959429
23.992881
21.012952
36.905906
50.812240
47.832311
16.046404
15.053094
14.059785
32.932667
17.039713
22.006261
9.093237
21.012952
20.019642
21.012952
13.066475
29.952738
21.012952
14.059785
14.059785
41.872454
21.012952
17.039713
15.053094
22.999571
18.033023
14.059785
16.046404
47.832311
14.059785
54.785478
52.798859
15.053094
7.106617
16.046404
66.705194
34.919286
15.053094
62.731955
24.986190
16.046404
27.966119
49.818930
13.066475
16.046404
16.046404
37.899215
15.053094
34.919286
47.832311
19.026333
45.845692
16.046404
27.966119
41.872454
16.046404
12.073165
26.972809
47.832311
21.012952
15.053094
25.979500
47.832311
21.012952
18.033023
13.066475
50.812240
17.039713
37.899215
16.046404
27.966119
40.879144
38.892525
18.033023
25.979500
13.066475
32.932667
45.845692
33.925977
7.106617
41.872454
19.026333
16.046404
17.039713
21.012952
15.053094
25.979500
22.999571
13.066475
10.086546
40.879144
17.039713
8.099927
26.972809
18.033023
45.845692
44.852382
23.992881
37.899215
21.012952
29.952738
27.966119
14.059785
14.059785
36.905906
21.012952
49.818930
20.019642
49.818930
12.073165
50.812240
9.093237
21.012952
33.925977
22.006261
40.879144
22.999571
30.946048
21.012952
18.033023
17.039713
22.006261
45.845692
19.026333
19.026333
34.919286
13.066475
21.012952
17.039713
10.086546
16.046404
22.999571
37.899215
10.086546
17.039713
60.745336
19.026333
41.872454
16.046404
47.832311
22.006261
17.039713
19.026333
7.106617
62.731955
14.059785
18.033023
22.999571
18.033023
21.012952
37.899215
64.718575
37.899215
24.986190
22.999571
11.079856
17.039713
34.919286
47.832311
8.099927
16.046404
41.872454
27.966119
26.972809
33.925977
56.772098
37.899215
21.012952
17.039713
37.899215
37.899215
36.905906
36.905906
26.972809
32.932667
42.865763
18.033023
14.059785
15.053094
22.999571
15.053094
64.718575
15.053094
26.972809
14.059785
14.059785
9.093237
36.905906
48.825621
22.999571
22.006261
37.899215
21.012952
12.073165
11.079856
29.952738
17.039713
49.818930
13.066475
12.073165
26.972809
9.093237
13.066475
20.019642
15.053094
45.845692
16.046404
25.979500
19.026333
40.879144
58.758717
29.952738
37.899215
29.952738
39.885834
25.979500
20.019642
29.952738
34.919286
34.919286
13.066475
33.925977
50.812240
22.999571
15.053094
48.825621
26.972809
18.033023
37.899215
42.865763
66.705194
45.845692
14.059785
44.852382
19.026333
21.012952
66.705194
50.812240
62.731955
48.825621
35.912596
25.979500
16.046404
19.026333
14.059785
16.046404
9.093237
19.026333
39.885834
27.966119
33.925977
13.066475
22.006261
18.033023
12.073165
37.899215
16.046404
26.972809
12.073165
40.879144
11.079856
22.999571
24.986190
13.066475
27.966119
22.999571
56.772098
32.932667
17.039713
19.026333
43.859073
15.053094
58.758717
15.053094
19.026333
16.046404
12.073165
18.033023
58.758717
22.999571
14.059785
13.066475
23.992881
28.959429
35.912596
12.073165
36.905906
25.979500
35.912596
26.972809
19.026333
25.979500
28.959429
14.059785
28.959429
8.099927
26.972809
14.059785
29.952738
15.053094
29.952738
49.818930
34.919286
21.012952
27.966119
29.952738
42.865763
23.992881
13.066475
27.966119
13.066475
16.046404
36.905906
21.012952
19.026333
39.885834
32.932667
17.039713
22.999571
17.039713
12.073165
54.785478
34.919286
32.932667
26.972809
36.905906
12.073165
36.905906
32.932667
17.039713
16.046404
58.758717
11.079856
21.012952
13.066475
52.798859
50.812240
17.039713
17.039713
19.026333
31.939357
27.966119
12.073165
34.919286
25.979500
60.745336
17.039713
50.812240
22.006261
18.033023
16.046404
40.879144
26.972809
21.012952
14.059785
28.959429
18.033023
17.039713
40.879144
19.026333
45.845692
19.026333
20.019642
42.865763
22.999571
26.972809
39.885834
12.073165
51.805550
39.885834
17.039713
15.053094
16.046404
41.872454
21.012952
28.959429
14.059785
36.905906
7.106617
29.952738
16.046404
9.093237
22.999571
26.972809
48.825621
36.905906
13.066475
32.932667
12.073165
17.039713
7.106617
28.959429
21.012952
34.919286
30.946048
54.785478
62.731955
14.059785
50.812240
25.979500
17.039713
13.066475
21.012952
15.053094
36.905906
13.066475
10.086546
38.892525
21.012952
47.832311
43.859073
40.879144
13.066475
28.959429
14.059785
22.999571
47.832311
48.825621
21.012952
15.053094
21.012952
12.073165
22.999571
16.046404
37.899215
12.073165
13.066475
22.006261
15.053094
22.999571
40.879144
32.932667
17.039713
29.952738
50.812240
21.012952
22.006261
41.872454
16.046404
41.872454
37.899215
15.053094
38.892525
18.033023
45.845692
33.925977
29.952738
27.966119
13.066475
23.992881
22.999571
40.879144
56.772098
24.986190
28.959429
37.899215
36.905906
29.952738
18.033023
32.932667
19.026333
17.039713
38.892525
15.053094
23.992881
18.033023
37.899215
36.905906
22.999571
26.972809
17.039713
36.905906
17.039713
10.086546
22.006261
10.086546
19.026333
15.053094
47.832311
47.832311
16.046404
29.952738
14.059785
36.905906
14.059785
16.046404
13.066475
16.046404
19.026333
21.012952
14.059785
40.879144
30.946048
24.986190
27.966119
20.019642
50.812240
32.932667
21.012952
23.992881
13.066475
29.952738
12.073165
22.006261
50.812240
67.698503
28.959429
27.966119
31.939357
37.899215
31.939357
21.012952
22.006261
9.093237
18.033023
21.012952
41.872454
22.006261
56.772098
26.972809
12.073165
15.053094
15.053094
12.073165
16.046404
48.825621
29.952738
30.946048
67.698503
25.979500
18.033023
50.812240
54.785478
66.705194
15.053094
23.992881
45.845692
18.033023
18.033023
42.865763
41.872454
26.972809
16.046404
17.039713
16.046404
8.099927
27.966119
30.946048
25.979500
18.033023
29.952738
19.026333
30.946048
22.006261
30.946048
29.952738
29.952738
35.912596
39.885834
42.865763
17.039713
17.039713
16.046404
12.073165
54.785478
49.818930
13.066475
12.073165
64.718575
52.798859
26.972809
31.939357
16.046404
14.059785
16.046404
21.012952
26.972809
26.972809
32.932667
14.059785
11.079856
26.972809
21.012952
15.053094
28.959429
50.812240
16.046404
22.999571
33.925977
14.059785
21.012952
40.879144
32.932667
32.932667
17.039713
20.019642
45.845692
30.946048
7.106617
11.079856
15.053094
29.952738
21.012952
40.879144
19.026333
34.919286
31.939357
36.905906
36.905906
61.738646
22.006261
16.046404
52.798859
11.079856
16.046404
54.785478
34.919286
22.999571
21.012952
24.986190
58.758717
10.086546
32.932667
19.026333
17.039713
16.046404
16.046404
17.039713
19.026333
23.992881
26.972809
13.066475
21.012952
47.832311
15.053094
14.059785
8.099927
25.979500
42.865763
32.932667
17.039713
33.925977
13.066475
66.705194
12.073165
13.066475
47.832311
41.872454
15.053094
41.872454
32.932667
17.039713
32.932667
54.785478
32.932667
36.905906
19.026333
14.059785
47.832311
40.879144
45.845692
22.999571
45.845692
13.066475
58.758717
50.812240
29.952738
47.832311
42.865763
9.093237
22.999571
16.046404
14.059785
27.966119
64.718575
34.919286
17.039713
61.738646
33.925977
31.939357
22.999571
29.952738
16.046404
27.966119
34.919286
39.885834
22.006261
47.832311
40.879144
36.905906
12.073165
11.079856
36.905906
47.832311
32.932667
16.046404
47.832311
36.905906
39.885834
47.832311
10.086546
12.073165
26.972809
13.066475
25.979500
21.012952
20.019642
34.919286
16.046404
31.939357
37.899215
18.033023
66.705194
26.972809
22.999571
12.073165
17.039713
11.079856
11.079856
26.972809
9.093237
14.059785
21.012952
25.979500
28.959429
18.033023
37.899215
14.059785
34.919286
22.006261
14.059785
21.012952
31.939357
56.772098
21.012952
32.932667
33.925977
45.845692
26.972809
12.073165
9.093237
15.053094
31.939357
22.999571
23.992881
15.053094
16.046404
26.972809
16.046404
39.885834
25.979500
18.033023
17.039713
15.053094
21.012952
27.966119
33.925977
14.059785
31.939357
16.046404
22.999571
22.006261
14.059785
45.845692
36.905906
14.059785
22.006261
14.059785
17.039713
14.059785
36.905906
47.832311
17.039713
18.033023
22.999571
14.059785
58.758717
56.772098
27.966119
32.932667
16.046404
15.053094
13.066475
30.946048
11.079856
34.919286
32.932667
18.033023
66.705194
21.012952
28.959429
17.039713
21.012952
28.959429
56.772098
16.046404
41.872454
33.925977
11.079856
16.046404
45.845692
26.972809
36.905906
25.979500
21.012952
22.006261
15.053094
47.832311
11.079856
25.979500
22.999571
18.033023
11.079856
20.019642
22.006261
17.039713
40.879144
34.919286
9.093237
12.073165
13.066475
37.899215
16.046404
34.919286
52.798859
12.073165
45.845692
23.992881
23.992881
22.999571
10.086546
28.959429
25.979500
21.012952
9.093237
18.033023
31.939357
40.879144
12.073165
11.079856
43.859073
37.899215
36.905906
48.825621
56.772098
19.026333
58.758717
34.919286
12.073165
23.992881
21.012952
18.033023
40.879144
25.979500
56.772098
21.012952
12.073165
31.939357
50.812240
13.066475
16.046404
52.798859
10.086546
15.053094
33.925977
34.919286
50.812240
45.845692
16.046404
47.832311
27.966119
34.919286
17.039713
8.099927
54.785478
21.012952
50.812240
17.039713
36.905906
19.026333
22.006261
22.006261
64.718575
21.012952
45.845692
23.992881
18.033023
56.772098
17.039713
41.872454
31.939357
32.932667
22.999571
23.992881
27.966119
12.073165
27.966119
29.952738
21.012952
45.845692
40.879144
27.966119
25.979500
11.079856
27.966119
11.079856
40.879144
9.093237
31.939357
47.832311
19.026333
26.972809
17.039713
16.046404
29.952738
54.785478
27.966119
28.959429
39.885834
16.046404
37.899215
16.046404
42.865763
33.925977
50.812240
16.046404
48.825621
40.879144
19.026333
18.033023
21.012952
44.852382
24.986190
23.992881
22.999571
15.053094
19.026333
24.986190
28.959429
18.033023
40.879144
40.879144
11.079856
42.865763
18.033023
28.959429
15.053094
32.932667
30.946048
47.832311
37.899215
37.899215
64.718575
43.859073
27.966119
24.986190
12.073165
8.099927
50.812240
37.899215
21.012952
28.959429
49.818930
19.026333
27.966119
14.059785
33.925977
22.006261
58.758717
27.966119
36.905906
32.932667
51.805550
16.046404
47.832311
62.731955
9.093237
44.852382
19.026333
27.966119
22.999571
19.026333
16.046404
19.026333
33.925977
22.006261
67.698503
18.033023
49.818930
47.832311
31.939357
60.745336
32.932667
14.059785
32.932667
22.999571
47.832311
17.039713
46.839002
20.019642
39.885834
35.912596
21.012952
39.885834
26.972809
25.979500
44.852382
19.026333
22.999571
35.912596
22.999571
17.039713
24.986190
47.832311
14.059785
37.899215
26.972809
26.972809
10.086546
19.026333
32.932667
23.992881
50.812240
41.872454
26.972809
15.053094
22.006261
29.952738
22.006261
32.932667
11.079856
25.979500
16.046404
12.073165
25.979500
38.892525
19.026333
47.832311
42.865763
33.925977
16.046404
36.905906
8.099927
20.019642
20.019642
18.033023
25.979500
16.046404
24.986190
22.999571
16.046404
45.845692
34.919286
14.059785
18.033023
12.073165
36.905906
52.798859
19.026333
18.033023
64.718575
13.066475
17.039713
49.818930
21.012952
14.059785
21.012952
15.053094
15.053094
28.959429
15.053094
19.026333
28.959429
33.925977
13.066475
22.999571
25.979500
23.992881
27.966119
29.952738
22.999571
21.012952
54.785478
21.012952
16.046404
66.705194
56.772098
40.879144
14.059785
23.992881
28.959429
19.026333
26.972809
34.919286
16.046404
40.879144
11.079856
43.859073
12.073165
26.972809
21.012952
37.899215
29.952738
13.066475
26.972809
61.738646
21.012952
37.899215
16.046404
27.966119
20.019642
28.959429
16.046404
51.805550
50.812240
36.905906
21.012952
37.899215
13.066475
47.832311
17.039713
17.039713
21.012952
45.845692
36.905906
19.026333
42.865763
25.979500
64.718575
50.812240
9.093237
43.859073
28.959429
22.999571
42.865763
10.086546
14.059785
47.832311
34.919286
33.925977
20.019642
15.053094
9.093237
32.932667
36.905906
49.818930
14.059785
28.959429
16.046404
29.952738
64.718575
45.845692
45.845692
14.059785
16.046404
22.999571
36.905906
30.946048
22.999571
19.026333
45.845692
26.972809
41.872454
41.872454
40.879144
50.812240
40.879144
28.959429
40.879144
17.039713
19.026333
50.812240
32.932667
21.012952
58.758717
28.959429
17.039713
19.026333
13.066475
58.758717
30.946048
19.026333
35.912596
16.046404
36.905906
35.912596
12.073165
58.758717
12.073165
22.006261
30.946048
34.919286
21.012952
49.818930
45.845692
26.972809
41.872454
12.073165
15.053094
47.832311
33.925977
14.059785
29.952738
28.959429
12.073165
10.086546
34.919286
43.859073
21.012952
51.805550
34.919286
27.966119
9.093237
37.899215
22.006261
26.972809
30.946048
13.066475
30.946048
31.939357
32.932667
14.059785
26.972809
28.959429
22.999571
35.912596
38.892525
21.012952
19.026333
19.026333
28.959429
61.738646
40.879144
31.939357
12.073165
35.912596
49.818930
20.019642
58.758717
26.972809
16.046404
29.952738
22.999571
30.946048
23.992881
61.738646
9.093237
34.919286
35.912596
22.006261
13.066475
64.718575
22.999571
9.093237
40.879144
16.046404
42.865763
40.879144
30.946048
35.912596
64.718575
8.099927
19.026333
31.939357
16.046404
48.825621
48.825621
29.952738
32.932667
17.039713
37.899215
29.952738
40.879144
11.079856
10.086546
15.053094
38.892525
31.939357
16.046404
23.992881
36.905906
17.039713
17.039713
37.899215
19.026333
22.999571
34.919286
45.845692
16.046404
29.952738
29.952738
40.879144
8.099927
21.012952
54.785478
37.899215
21.012952
32.932667
41.872454
16.046404
22.999571
49.818930
13.066475
19.026333
15.053094
34.919286
17.039713
12.073165
47.832311
27.966119
13.066475
54.785478
41.872454
14.059785
50.812240
26.972809
25.979500
10.086546
9.093237
33.925977
45.845692
23.992881
60.745336
18.033023
7.106617
14.059785
21.012952
32.932667
40.879144
21.012952
30.946048
13.066475
17.039713
21.012952
13.066475
18.033023
21.012952
26.972809
36.905906
60.745336
47.832311
26.972809
22.006261
11.079856
28.959429
29.952738
16.046404
41.872454
54.785478
41.872454
17.039713
36.905906
17.039713
52.798859
19.026333
10.086546
21.012952
32.932667
21.012952
34.919286
56.772098
17.039713
22.006261
17.039713
30.946048
28.959429
32.932667
51.805550
23.992881
45.845692
16.046404
18.033023
18.033023
33.925977
33.925977
33.925977
54.785478
26.972809
24.986190
36.905906
19.026333
28.959429
17.039713
22.006261
13.066475
47.832311
14.059785
34.919286
29.952738
15.053094
48.825621
21.012952
22.999571
19.026333
22.999571
21.012952
35.912596
10.086546
14.059785
33.925977
60.745336
43.859073
22.999571
18.033023
13.066475
28.959429
22.999571
19.026333
46.839002
14.059785
11.079856
18.033023
42.865763
13.066475
19.026333
8.099927
34.919286
9.093237
16.046404
33.925977
34.919286
19.026333
31.939357
14.059785
37.899215
29.952738
50.812240
23.992881
18.033023
67.698503
21.012952
17.039713
22.999571
45.845692
11.079856
20.019642
45.845692
26.972809
40.879144
13.066475
18.033023
12.073165
21.012952
45.845692
19.026333
16.046404
15.053094
12.073165
37.899215
27.966119
32.932667
17.039713
15.053094
16.046404
10.086546
27.966119
54.785478
47.832311
40.879144
19.026333
22.999571
27.966119
47.832311
62.731955
14.059785
31.939357
15.053094
40.879144
42.865763
21.012952
32.932667
17.039713
17.039713
18.033023
12.073165
25.979500
26.972809
21.012952
13.066475
15.053094
12.073165
10.086546
18.033023
23.992881
25.979500
66.705194
30.946048
22.999571
26.972809
30.946048
37.899215
18.033023
37.899215
47.832311
45.845692
16.046404
32.932667
22.006261
54.785478
31.939357
9.093237
22.006261
23.992881
39.885834
46.839002
13.066475
29.952738
16.046404
40.879144
19.026333
16.046404
26.972809
15.053094
18.033023
40.879144
13.066475
32.932667
21.012952
30.946048
33.925977
47.832311
17.039713
19.026333
17.039713
21.012952
19.026333
60.745336
26.972809
26.972809
12.073165
21.012952
35.912596
27.966119
48.825621
41.872454
34.919286
29.952738
21.012952
16.046404
27.966119
42.865763
22.999571
14.059785
18.033023
37.899215
10.086546
9.093237
41.872454
32.932667
38.892525
28.959429
16.046404
17.039713
24.986190
10.086546
25.979500
15.053094
58.758717
26.972809
11.079856
17.039713
21.012952
51.805550
23.992881
22.999571
27.966119
28.959429
36.905906
50.812240
19.026333
34.919286
54.785478
19.026333
38.892525
43.859073
9.093237
41.872454
28.959429
30.946048
17.039713
15.053094
28.959429
49.818930
36.905906
39.885834
41.872454
17.039713
26.972809
36.905906
31.939357
27.966119
12.073165
35.912596
17.039713
16.046404
25.979500
34.919286
45.845692
30.946048
37.899215
21.012952
58.758717
21.012952
31.939357
45.845692
8.099927
31.939357
41.872454
19.026333
13.066475
23.992881
40.879144
49.818930
33.925977
15.053094
26.972809
62.731955
49.818930
29.952738
16.046404
17.039713
22.999571
15.053094
22.006261
54.785478
13.066475
31.939357
30.946048
40.879144
23.992881
18.033023
50.812240
15.053094
21.012952
28.959429
36.905906
22.999571
25.979500
26.972809
50.812240
25.979500
12.073165
34.919286
11.079856
41.872454
15.053094
17.039713
26.972809
31.939357
27.966119
56.772098
27.966119
10.086546
58.758717
32.932667
37.899215
12.073165
34.919286
27.966119
23.992881
16.046404
40.879144
44.852382
41.872454
16.046404
49.818930
25.979500
21.012952
23.992881
41.872454
54.785478
21.012952
12.073165
32.932667
35.912596
45.845692
58.758717
16.046404
12.073165
17.039713
25.979500
33.925977
23.992881
47.832311
18.033023
40.879144
27.966119
20.019642
13.066475
58.758717
29.952738
40.879144
12.073165
10.086546
62.731955
45.845692
12.073165
28.959429
54.785478
21.012952
22.006261
17.039713
26.972809
36.905906
8.099927
64.718575
30.946048
36.905906
14.059785
58.758717
47.832311
46.839002
26.972809
25.979500
16.046404
37.899215
19.026333
18.033023
37.899215
28.959429
23.992881
18.033023
18.033023
46.839002
12.073165
19.026333
21.012952
56.772098
32.932667
36.905906
17.039713
60.745336
50.812240
22.006261
48.825621
21.012952
11.079856
64.718575
16.046404
40.879144
16.046404
8.099927
22.006261
35.912596
14.059785
15.053094
16.046404
21.012952
33.925977
22.006261
31.939357
23.992881
18.033023
9.093237
17.039713
50.812240
34.919286
29.952738
47.832311
13.066475
47.832311
28.959429
34.919286
14.059785
39.885834
32.932667
58.758717
16.046404
47.832311
37.899215
21.012952
27.966119
27.966119
23.992881
31.939357
18.033023
22.999571
41.872454
13.066475
26.972809
22.006261
61.738646
29.952738
12.073165
34.919286
14.059785
34.919286
21.012952
18.033023
25.979500
41.872454
19.026333
19.026333
24.986190
22.999571
22.999571
35.912596
22.006261
19.026333
16.046404
23.992881
33.925977
13.066475
23.992881
13.066475
37.899215
54.785478
28.959429
35.912596
25.979500
14.059785
32.932667
62.731955
26.972809
37.899215
17.039713
26.972809
32.932667
36.905906
58.758717
7.106617
7.106617
29.952738
10.086546
18.033023
14.059785
22.006261
30.946048
25.979500
33.925977
31.939357
36.905906
17.039713
41.872454
36.905906
33.925977
62.731955
25.979500
30.946048
9.093237
32.932667
12.073165
13.066475
26.972809
19.026333
30.946048
25.979500
8.099927
36.905906
26.972809
10.086546
31.939357
21.012952
18.033023
13.066475
31.939357
40.879144
45.845692
22.006261
28.959429
21.012952
58.758717
14.059785
21.012952
15.053094
29.952738
17.039713
22.999571
44.852382
32.932667
26.972809
22.999571
37.899215
36.905906
34.919286
16.046404
22.006261
16.046404
31.939357
39.885834
54.785478
14.059785
54.785478
14.059785
18.033023
10.086546
40.879144
37.899215
32.932667
19.026333
30.946048
34.919286
26.972809
32.932667
31.939357
21.012952
19.026333
35.912596
21.012952
26.972809
12.073165
21.012952
19.026333
31.939357
30.946048
40.879144
33.925977
34.919286
17.039713
19.026333
13.066475
19.026333
16.046404
15.053094
19.026333
22.999571
17.039713
34.919286
16.046404
34.919286
33.925977
34.919286
21.012952
14.059785
21.012952
27.966119
62.731955
45.845692
17.039713
28.959429
21.012952
16.046404
17.039713
14.059785
10.086546
24.986190
41.872454
25.979500
15.053094
47.832311
52.798859
14.059785
42.865763
48.825621
16.046404
19.026333
12.073165
15.053094
12.073165
19.026333
13.066475
24.986190
15.053094
16.046404
16.046404
14.059785
50.812240
33.925977
15.053094
32.932667
14.059785
22.006261
40.879144
13.066475
44.852382
47.832311
7.106617
32.932667
17.039713
23.992881
54.785478
17.039713
28.959429
26.972809
49.818930
16.046404
16.046404
22.006261
41.872454
30.946048
33.925977
16.046404
23.992881
22.999571
34.919286
13.066475
62.731955
18.033023
47.832311
58.758717
8.099927
50.812240
17.039713
30.946048
12.073165
29.952738
18.033023
66.705194
19.026333
13.066475
29.952738
9.093237
21.012952
33.925977
36.905906
16.046404
16.046404
30.946048
32.932667
16.046404
25.979500
60.745336
50.812240
61.738646
14.059785
22.999571
16.046404
34.919286
21.012952
29.952738
32.932667
26.972809
51.805550
30.946048
36.905906
34.919286
22.999571
33.925977
14.059785
22.006261
16.046404
13.066475
11.079856
46.839002
49.818930
47.832311
14.059785
16.046404
19.026333
42.865763
50.812240
41.872454
10.086546
34.919286
33.925977
36.905906
12.073165
51.805550
21.012952
14.059785
51.805550
12.073165
30.946048
25.979500
22.999571
25.979500
18.033023
19.026333
18.033023
36.905906
30.946048
62.731955
47.832311
14.059785
22.999571
34.919286
14.059785
21.012952
17.039713
21.012952
28.959429
20.019642
45.845692
21.012952
9.093237
25.979500
32.932667
11.079856
28.959429
15.053094
50.812240
32.932667
18.033023
19.026333
47.832311
18.033023
25.979500
25.979500
36.905906
39.885834
40.879144
13.066475
22.999571
40.879144
44.852382
26.972809
14.059785
11.079856
28.959429
41.872454
27.966119
66.705194
31.939357
45.845692
12.073165
16.046404
28.959429
16.046404
17.039713
27.966119
47.832311
27.966119
22.999571
9.093237
16.046404
58.758717
22.999571
16.046404
19.026333
56.772098
47.832311
50.812240
42.865763
20.019642
47.832311
44.852382
37.899215
10.086546
23.992881
8.099927
19.026333
40.879144
24.986190
22.999571
10.086546
47.832311
37.899215
34.919286
22.999571
18.033023
28.959429
16.046404
16.046404
27.966119
16.046404
34.919286
50.812240
33.925977
34.919286
23.992881
29.952738
40.879144
36.905906
17.039713
15.053094
11.079856
14.059785
13.066475
41.872454
35.912596
16.046404
50.812240
19.026333
10.086546
22.999571
12.073165
26.972809
36.905906
21.012952
27.966119
22.006261
34.919286
34.919286
22.999571
50.812240
21.012952
8.099927
15.053094
56.772098
22.999571
18.033023
26.972809
37.899215
47.832311
25.979500
16.046404
32.932667
33.925977
32.932667
32.932667
15.053094
16.046404
26.972809
13.066475
22.006261
47.832311
