13.829672
19.600984
23.448526
16.715328
14.791557
12.867786
12.867786
12.867786
13.829672
13.829672
34.991151
9.982130
19.600984
20.562870
22.486641
19.600984
12.867786
31.143610
22.486641
34.991151
23.448526
31.143610
23.448526
25.372297
21.524755
34.991151
16.715328
12.867786
35.953037
16.715328
14.791557
25.372297
31.143610
13.829672
15.753443
17.677214
29.219839
9.020245
25.372297
13.829672
16.715328
19.600984
14.791557
30.181724
23.448526
22.486641
18.639099
15.753443
30.181724
19.600984
43.648120
16.715328
9.020245
17.677214
16.715328
20.562870
9.982130
17.677214
9.982130
19.600984
12.867786
20.562870
22.486641
9.982130
16.715328
25.372297
13.829672
17.677214
29.219839
25.372297
13.829672
17.677214
21.524755
16.715328
12.867786
21.524755
13.829672
17.677214
9.020245
19.600984
11.905901
14.791557
17.677214
12.867786
19.600984
21.524755
13.829672
52.305089
29.219839
23.448526
15.753443
14.791557
22.486641
30.181724
11.905901
29.219839
19.600984
12.867786
17.677214
16.715328
34.991151
14.791557
21.524755
16.715328
19.600984
30.181724
9.982130
18.639099
30.181724
21.524755
18.639099
29.219839
23.448526
13.829672
13.829672
20.562870
12.867786
19.600984
15.753443
35.953037
16.715328
23.448526
14.791557
21.524755
23.448526
12.867786
17.677214
19.600984
21.524755
19.600984
27.296068
14.791557
12.867786
21.524755
9.020245
14.791557
31.143610
15.753443
19.600984
20.562870
30.181724
18.639099
16.715328
15.753443
18.639099
13.829672
18.639099
33.067380
13.829672
29.219839
34.991151
19.600984
19.600984
31.143610
15.753443
29.219839
15.753443
11.905901
17.677214
31.143610
14.791557
9.982130
14.791557
17.677214
34.991151
24.410412
34.991151
17.677214
16.715328
17.677214
10.944016
11.905901
30.181724
14.791557
24.410412
31.143610
25.372297
30.181724
21.524755
12.867786
18.639099
21.524755
17.677214
33.067380
17.677214
16.715328
14.791557
12.867786
25.372297
7.096474
20.562870
29.219839
18.639099
13.829672
21.524755
24.410412
25.372297
14.791557
30.181724
21.524755
16.715328
16.715328
35.953037
13.829672
21.524755
23.448526
17.677214
12.867786
14.791557
9.982130
14.791557
11.905901
17.677214
14.791557
21.524755
21.524755
16.715328
23.448526
10.944016
12.867786
17.677214
30.181724
17.677214
14.791557
14.791557
19.600984
30.181724
15.753443
14.791557
16.715328
16.715328
24.410412
31.143610
12.867786
14.791557
9.020245
15.753443
12.867786
12.867786
11.905901
7.096474
15.753443
16.715328
16.715328
17.677214
11.905901
14.791557
23.448526
13.829672
16.715328
12.867786
12.867786
17.677214
21.524755
9.982130
12.867786
13.829672
11.905901
16.715328
23.448526
21.524755
13.829672
16.715328
13.829672
15.753443
29.219839
14.791557
15.753443
18.639099
29.219839
17.677214
34.991151
25.372297
25.372297
17.677214
20.562870
12.867786
18.639099
9.982130
31.143610
23.448526
17.677214
35.953037
18.639099
34.991151
31.143610
19.600984
22.486641
34.991151
22.486641
31.143610
35.953037
22.486641
25.372297
12.867786
23.448526
30.181724
12.867786
35.953037
17.677214
16.715328
52.305089
13.829672
13.829672
13.829672
15.753443
12.867786
20.562870
16.715328
17.677214
17.677214
16.715328
12.867786
33.067380
31.143610
17.677214
35.953037
30.181724
22.486641
18.639099
17.677214
15.753443
29.219839
21.524755
11.905901
29.219839
18.639099
12.867786
23.448526
30.181724
18.639099
21.524755
14.791557
19.600984
11.905901
24.410412
14.791557
14.791557
12.867786
7.096474
31.143610
17.677214
14.791557
23.448526
14.791557
19.600984
16.715328
9.982130
16.715328
52.305089
16.715328
14.791557
25.372297
17.677214
13.829672
19.600984
12.867786
13.829672
17.677214
52.305089
31.143610
34.991151
18.639099
17.677214
9.982130
34.991151
13.829672
17.677214
19.600984
21.524755
10.944016
13.829672
17.677214
9.020245
17.677214
13.829672
34.991151
17.677214
12.867786
20.562870
18.639099
11.905901
17.677214
12.867786
22.486641
15.753443
21.524755
29.219839
18.639099
17.677214
20.562870
17.677214
15.753443
11.905901
30.181724
15.753443
17.677214
30.181724
21.524755
12.867786
19.600984
25.372297
10.944016
34.991151
23.448526
30.181724
12.867786
15.753443
21.524755
12.867786
19.600984
21.524755
30.181724
16.715328
11.905901
18.639099
18.639099
30.181724
12.867786
21.524755
12.867786
23.448526
11.905901
31.143610
34.991151
9.020245
12.867786
14.791557
30.181724
20.562870
33.067380
9.020245
12.867786
14.791557
14.791557
25.372297
18.639099
9.982130
9.982130
21.524755
21.524755
12.867786
14.791557
12.867786
18.639099
12.867786
12.867786
35.953037
29.219839
18.639099
19.600984
25.372297
15.753443
25.372297
10.944016
18.639099
18.639099
12.867786
14.791557
19.600984
16.715328
12.867786
21.524755
31.143610
18.639099
31.143610
11.905901
21.524755
17.677214
14.791557
7.096474
35.953037
9.020245
18.639099
35.953037
23.448526
16.715328
19.600984
31.143610
19.600984
11.905901
17.677214
9.020245
23.448526
30.181724
43.648120
13.829672
19.600984
25.372297
14.791557
17.677214
24.410412
9.982130
30.181724
15.753443
23.448526
15.753443
18.639099
12.867786
18.639099
11.905901
23.448526
21.524755
21.524755
16.715328
22.486641
15.753443
17.677214
16.715328
23.448526
34.991151
20.562870
12.867786
11.905901
17.677214
12.867786
12.867786
13.829672
10.944016
12.867786
12.867786
34.991151
17.677214
12.867786
34.991151
18.639099
25.372297
35.953037
12.867786
12.867786
12.867786
17.677214
31.143610
17.677214
14.791557
18.639099
29.219839
11.905901
20.562870
31.143610
20.562870
12.867786
31.143610
17.677214
16.715328
16.715328
19.600984
12.867786
30.181724
10.944016
13.829672
14.791557
12.867786
31.143610
12.867786
12.867786
35.953037
22.486641
21.524755
52.305089
52.305089
21.524755
21.524755
18.639099
31.143610
13.829672
34.991151
14.791557
31.143610
25.372297
21.524755
12.867786
13.829672
23.448526
21.524755
16.715328
21.524755
19.600984
29.219839
19.600984
18.639099
21.524755
18.639099
25.372297
22.486641
30.181724
15.753443
21.524755
17.677214
34.991151
17.677214
19.600984
17.677214
14.791557
23.448526
30.181724
52.305089
12.867786
18.639099
21.524755
35.953037
19.600984
12.867786
17.677214
9.020245
25.372297
16.715328
14.791557
17.677214
17.677214
15.753443
16.715328
19.600984
17.677214
11.905901
33.067380
21.524755
33.067380
15.753443
30.181724
17.677214
9.982130
14.791557
17.677214
9.982130
14.791557
16.715328
23.448526
18.639099
18.639099
17.677214
14.791557
21.524755
14.791557
31.143610
30.181724
34.991151
21.524755
19.600984
17.677214
12.867786
13.829672
9.020245
17.677214
13.829672
34.991151
25.372297
19.600984
9.020245
23.448526
25.372297
34.991151
21.524755
35.953037
21.524755
18.639099
29.219839
52.305089
16.715328
18.639099
16.715328
34.991151
10.944016
20.562870
22.486641
13.829672
14.791557
13.829672
35.953037
25.372297
15.753443
19.600984
22.486641
20.562870
12.867786
17.677214
10.944016
10.944016
21.524755
12.867786
16.715328
15.753443
11.905901
21.524755
18.639099
18.639099
25.372297
21.524755
9.020245
31.143610
12.867786
10.944016
13.829672
43.648120
15.753443
23.448526
11.905901
16.715328
29.219839
21.524755
17.677214
17.677214
11.905901
18.639099
31.143610
20.562870
31.143610
23.448526
21.524755
52.305089
12.867786
23.448526
9.982130
19.600984
18.639099
12.867786
9.982130
17.677214
17.677214
17.677214
43.648120
29.219839
19.600984
14.791557
19.600984
33.067380
16.715328
29.219839
35.953037
19.600984
12.867786
23.448526
11.905901
15.753443
35.953037
10.944016
22.486641
12.867786
13.829672
21.524755
30.181724
25.372297
10.944016
21.524755
15.753443
34.991151
12.867786
17.677214
23.448526
30.181724
12.867786
25.372297
14.791557
14.791557
16.715328
31.143610
18.639099
16.715328
31.143610
21.524755
18.639099
9.982130
15.753443
14.791557
17.677214
12.867786
35.953037
12.867786
13.829672
12.867786
35.953037
15.753443
19.600984
10.944016
14.791557
19.600984
14.791557
23.448526
17.677214
17.677214
13.829672
14.791557
12.867786
29.219839
23.448526
15.753443
14.791557
12.867786
25.372297
13.829672
31.143610
23.448526
10.944016
34.991151
15.753443
34.991151
23.448526
23.448526
15.753443
22.486641
13.829672
14.791557
9.982130
9.982130
33.067380
34.991151
18.639099
19.600984
24.410412
12.867786
17.677214
13.829672
33.067380
15.753443
17.677214
23.448526
33.067380
16.715328
23.448526
10.944016
11.905901
13.829672
23.448526
30.181724
21.524755
14.791557
16.715328
13.829672
15.753443
13.829672
21.524755
13.829672
16.715328
21.524755
14.791557
18.639099
30.181724
24.410412
20.562870
12.867786
17.677214
17.677214
12.867786
13.829672
17.677214
43.648120
14.791557
11.905901
13.829672
13.829672
24.410412
17.677214
20.562870
34.991151
19.600984
12.867786
14.791557
20.562870
23.448526
14.791557
19.600984
18.639099
20.562870
34.991151
17.677214
27.296068
11.905901
23.448526
31.143610
34.991151
43.648120
20.562870
17.677214
23.448526
19.600984
16.715328
7.096474
12.867786
15.753443
18.639099
34.991151
12.867786
25.372297
17.677214
14.791557
14.791557
14.791557
9.982130
12.867786
10.944016
17.677214
23.448526
18.639099
17.677214
9.982130
9.982130
20.562870
16.715328
31.143610
9.982130
17.677214
17.677214
12.867786
34.991151
18.639099
13.829672
23.448526
35.953037
21.524755
20.562870
19.600984
9.982130
19.600984
18.639099
13.829672
14.791557
22.486641
17.677214
20.562870
23.448526
10.944016
21.524755
18.639099
12.867786
20.562870
17.677214
15.753443
23.448526
22.486641
15.753443
34.991151
14.791557
20.562870
31.143610
29.219839
25.372297
25.372297
52.305089
17.677214
23.448526
17.677214
18.639099
22.486641
16.715328
21.524755
12.867786
14.791557
18.639099
17.677214
17.677214
18.639099
23.448526
15.753443
14.791557
34.991151
34.991151
23.448526
21.524755
12.867786
11.905901
31.143610
17.677214
16.715328
17.677214
18.639099
14.791557
17.677214
21.524755
31.143610
21.524755
15.753443
52.305089
17.677214
29.219839
16.715328
9.020245
9.982130
29.219839
21.524755
11.905901
34.991151
15.753443
21.524755
12.867786
9.982130
17.677214
20.562870
21.524755
22.486641
12.867786
19.600984
18.639099
19.600984
20.562870
18.639099
31.143610
15.753443
11.905901
15.753443
35.953037
12.867786
17.677214
19.600984
18.639099
23.448526
30.181724
16.715328
9.982130
12.867786
11.905901
12.867786
16.715328
16.715328
20.562870
17.677214
17.677214
17.677214
10.944016
22.486641
20.562870
34.991151
18.639099
17.677214
12.867786
14.791557
17.677214
20.562870
23.448526
18.639099
23.448526
30.181724
16.715328
15.753443
14.791557
12.867786
19.600984
18.639099
18.639099
17.677214
35.953037
18.639099
17.677214
14.791557
24.410412
22.486641
19.600984
14.791557
17.677214
10.944016
33.067380
10.944016
15.753443
20.562870
12.867786
35.953037
15.753443
29.219839
15.753443
19.600984
22.486641
9.982130
19.600984
19.600984
29.219839
16.715328
9.982130
17.677214
20.562870
31.143610
19.600984
15.753443
22.486641
9.982130
12.867786
21.524755
24.410412
30.181724
19.600984
7.096474
31.143610
17.677214
9.982130
12.867786
17.677214
23.448526
18.639099
12.867786
16.715328
15.753443
17.677214
52.305089
24.410412
25.372297
22.486641
21.524755
18.639099
15.753443
12.867786
20.562870
11.905901
14.791557
31.143610
24.410412
11.905901
14.791557
33.067380
31.143610
21.524755
19.600984
21.524755
15.753443
25.372297
22.486641
22.486641
15.753443
18.639099
21.524755
19.600984
16.715328
9.982130
24.410412
15.753443
16.715328
31.143610
11.905901
20.562870
27.296068
24.410412
31.143610
16.715328
29.219839
17.677214
15.753443
52.305089
12.867786
16.715328
21.524755
9.982130
18.639099
11.905901
33.067380
22.486641
14.791557
7.096474
12.867786
24.410412
13.829672
9.982130
9.982130
14.791557
34.991151
35.953037
19.600984
10.944016
34.991151
23.448526
17.677214
35.953037
23.448526
33.067380
19.600984
11.905901
19.600984
18.639099
11.905901
12.867786
23.448526
10.944016
13.829672
23.448526
12.867786
21.524755
14.791557
23.448526
16.715328
18.639099
19.600984
52.305089
33.067380
30.181724
29.219839
34.991151
12.867786
18.639099
30.181724
17.677214
12.867786
23.448526
18.639099
34.991151
19.600984
18.639099
16.715328
12.867786
21.524755
20.562870
16.715328
29.219839
17.677214
17.677214
19.600984
35.953037
18.639099
31.143610
20.562870
13.829672
22.486641
16.715328
21.524755
16.715328
30.181724
19.600984
10.944016
10.944016
18.639099
14.791557
12.867786
52.305089
11.905901
13.829672
17.677214
30.181724
31.143610
23.448526
9.982130
12.867786
15.753443
19.600984
10.944016
12.867786
23.448526
15.753443
25.372297
16.715328
18.639099
7.096474
25.372297
19.600984
34.991151
18.639099
19.600984
19.600984
19.600984
10.944016
17.677214
19.600984
20.562870
12.867786
16.715328
21.524755
30.181724
25.372297
21.524755
30.181724
34.991151
25.372297
9.982130
35.953037
18.639099
23.448526
25.372297
21.524755
20.562870
25.372297
11.905901
25.372297
11.905901
12.867786
34.991151
13.829672
15.753443
18.639099
23.448526
17.677214
17.677214
24.410412
17.677214
16.715328
17.677214
22.486641
14.791557
34.991151
16.715328
9.982130
30.181724
13.829672
19.600984
25.372297
14.791557
15.753443
33.067380
16.715328
23.448526
14.791557
10.944016
7.096474
35.953037
23.448526
43.648120
17.677214
25.372297
17.677214
11.905901
21.524755
33.067380
16.715328
31.143610
20.562870
16.715328
14.791557
43.648120
31.143610
16.715328
19.600984
15.753443
19.600984
17.677214
17.677214
16.715328
15.753443
11.905901
18.639099
23.448526
29.219839
31.143610
12.867786
31.143610
30.181724
11.905901
17.677214
12.867786
19.600984
21.524755
9.020245
10.944016
13.829672
14.791557
31.143610
15.753443
15.753443
