6
16
11
14
20
16
9
10
12
9
10
13
21
19
10
9
12
13
11
11
12
18
10
9
16
20
17
9
12
10
10
10
15
21
8
20
10
13
13
19
9
23
9
9
15
14
14
14
13
13
11
9
15
11
11
12
10
14
20
15
21
15
15
9
10
16
15
15
12
22
12
18
10
16
10
20
17
13
18
10
10
12
27
14
12
9
19
12
8
9
15
16
10
7
14
12
13
16
21
14
28
13
9
18
8
18
12
14
15
19
16
14
12
20
19
19
11
13
18
12
9
12
21
7
13
18
13
9
14
23
20
17
19
16
9
22
14
27
17
18
11
30
12
10
11
18
20
15
25
17
15
10
20
16
5
11
17
15
13
17
21
20
13
19
9
5
12
15
13
19
17
13
20
17
17
17
13
11
12
19
22
12
15
22
9
21
26
16
19
8
16
13
9
15
9
7
13
9
11
19
11
19
7
10
19
11
15
11
11
12
7
14
16
12
15
12
11
11
14
10
16
9
16
11
14
14
9
11
21
15
11
16
15
18
13
20
17
17
10
14
15
14
27
17
11
15
21
18
13
23
15
19
12
16
23
22
13
24
8
15
16
8
8
15
13
9
8
6
10
22
18
20
5
11
11
8
7
10
15
13
12
7
12
13
15
16
12
12
12
21
8
12
16
12
20
20
17
18
12
14
5
14
9
11
15
17
6
10
14
11
15
19
11
16
14
16
18
11
19
12
11
20
14
13
7
16
16
7
10
12
20
12
26
10
12
6
14
20
20
10
11
12
13
9
17
17
11
13
19
12
14
14
20
8
14
10
16
20
14
17
9
17
10
16
8
9
25
9
17
12
19
18
19
19
11
6
24
20
10
15
21
5
24
15
19
11
24
11
17
7
7
25
13
14
15
18
10
16
4
25
7
10
13
11
36
16
12
13
14
9
12
11
22
16
9
14
19
11
7
17
16
14
15
12
15
19
15
17
15
10
28
17
8
16
19
19
13
19
14
19
15
11
14
23
10
12
19
12
16
9
13
9
15
13
6
12
14
24
16
17
8
14
17
19
9
9
16
12
26
16
17
13
6
14
9
9
19
15
8
10
12
14
22
17
12
13
22
15
17
25
24
10
12
18
8
25
12
16
12
19
18
12
7
23
20
19
15
9
14
13
19
12
21
19
15
9
18
6
13
6
9
18
16
8
14
7
13
12
15
14
10
11
10
19
17
7
16
8
20
12
17
8
18
10
7
27
17
23
15
11
17
19
20
17
12
15
8
16
23
16
27
8
17
11
24
17
10
8
21
13
25
14
12
17
9
9
26
29
13
19
10
14
10
8
17
27
10
14
11
19
25
10
13
20
11
13
17
11
15
9
12
30
7
15
11
13
7
10
18
13
17
12
10
17
11
21
12
15
13
15
14
18
6
19
15
10
20
22
8
15
8
16
17
23
38
17
19
13
12
18
7
8
8
