23.666802
13.811270
20.850936
24.370768
25.778701
16.627136
17.331103
20.850936
13.811270
16.627136
17.331103
20.146969
29.298534
22.962835
13.811270
19.443003
27.186634
32.818367
15.219203
27.186634
15.219203
23.666802
29.298534
14.515237
18.739036
21.554902
18.739036
26.482668
27.890601
20.850936
23.666802
17.331103
27.186634
23.666802
11.699371
19.443003
21.554902
30.002500
18.739036
16.627136
27.890601
20.146969
22.962835
22.962835
22.962835
31.410434
20.146969
21.554902
24.370768
21.554902
14.515237
14.515237
15.219203
22.962835
29.298534
18.739036
22.962835
23.666802
24.370768
16.627136
21.554902
27.186634
17.331103
11.699371
15.923170
17.331103
26.482668
26.482668
18.739036
17.331103
22.258869
13.107304
20.850936
24.370768
29.298534
20.850936
24.370768
15.923170
30.002500
14.515237
21.554902
24.370768
11.699371
19.443003
17.331103
18.739036
15.923170
18.739036
31.410434
20.146969
29.298534
18.739036
18.739036
32.818367
17.331103
11.699371
24.370768
17.331103
20.146969
30.002500
22.962835
23.666802
16.627136
27.890601
14.515237
21.554902
22.962835
20.850936
14.515237
16.627136
31.410434
26.482668
24.370768
18.035069
13.107304
13.811270
18.035069
27.890601
17.331103
23.666802
27.890601
15.219203
20.146969
20.850936
16.627136
22.962835
14.515237
27.186634
19.443003
14.515237
14.515237
22.258869
17.331103
16.627136
15.219203
20.146969
18.739036
16.627136
22.962835
22.258869
17.331103
21.554902
17.331103
19.443003
21.554902
14.515237
24.370768
20.850936
23.666802
31.410434
18.739036
15.923170
20.850936
26.482668
22.962835
21.554902
18.739036
23.666802
23.666802
23.666802
18.739036
11.699371
27.890601
21.554902
20.146969
22.258869
22.962835
19.443003
19.443003
26.482668
23.666802
18.739036
22.962835
18.035069
31.410434
15.923170
17.331103
14.515237
17.331103
20.146969
18.739036
18.739036
21.554902
15.923170
23.666802
15.923170
27.890601
22.962835
20.850936
15.219203
19.443003
17.331103
11.699371
19.443003
17.331103
18.035069
19.443003
16.627136
21.554902
21.554902
16.627136
16.627136
18.035069
14.515237
17.331103
20.850936
17.331103
16.627136
27.186634
16.627136
15.923170
16.627136
22.258869
27.890601
23.666802
17.331103
24.370768
21.554902
19.443003
22.258869
19.443003
19.443003
20.850936
17.331103
19.443003
21.554902
17.331103
22.962835
22.962835
13.107304
24.370768
23.666802
23.666802
23.666802
18.035069
14.515237
18.035069
20.850936
21.554902
11.699371
13.107304
30.002500
14.515237
11.699371
18.739036
20.850936
27.186634
29.298534
18.739036
21.554902
20.146969
19.443003
15.923170
16.627136
23.666802
22.962835
27.890601
29.298534
23.666802
24.370768
24.370768
21.554902
20.146969
17.331103
23.666802
17.331103
19.443003
19.443003
18.739036
22.962835
20.850936
19.443003
17.331103
29.298534
27.890601
27.890601
24.370768
26.482668
15.923170
29.298534
22.962835
24.370768
23.666802
17.331103
31.410434
22.258869
23.666802
17.331103
17.331103
17.331103
25.778701
16.627136
23.666802
16.627136
15.923170
13.107304
26.482668
14.515237
22.258869
13.107304
18.739036
29.298534
21.554902
17.331103
22.962835
20.146969
18.739036
15.923170
14.515237
15.219203
15.219203
27.186634
21.554902
18.035069
29.298534
25.778701
13.811270
24.370768
20.850936
17.331103
32.818367
26.482668
31.410434
18.739036
22.258869
13.107304
13.811270
27.890601
17.331103
21.554902
16.627136
17.331103
20.146969
20.850936
15.923170
14.515237
23.666802
11.699371
14.515237
29.298534
14.515237
22.258869
15.923170
18.035069
13.811270
27.186634
29.298534
22.962835
20.850936
15.923170
14.515237
21.554902
31.410434
22.258869
24.370768
18.035069
16.627136
19.443003
16.627136
21.554902
16.627136
17.331103
23.666802
21.554902
32.818367
24.370768
29.298534
17.331103
29.298534
15.923170
22.962835
22.962835
15.923170
17.331103
20.850936
23.666802
23.666802
27.890601
23.666802
20.850936
22.962835
31.410434
30.002500
23.666802
27.890601
23.666802
16.627136
22.962835
22.258869
17.331103
26.482668
15.219203
19.443003
23.666802
22.962835
24.370768
15.923170
22.258869
17.331103
22.962835
17.331103
32.818367
18.035069
17.331103
20.146969
15.923170
16.627136
24.370768
16.627136
20.146969
29.298534
16.627136
16.627136
11.699371
18.739036
26.482668
14.515237
23.666802
27.890601
22.962835
20.850936
14.515237
27.186634
26.482668
15.923170
21.554902
18.035069
22.962835
31.410434
24.370768
22.962835
11.699371
14.515237
22.962835
16.627136
23.666802
21.554902
20.850936
18.035069
21.554902
15.219203
22.962835
24.370768
15.923170
22.962835
15.923170
22.258869
14.515237
17.331103
17.331103
29.298534
16.627136
32.818367
15.923170
22.962835
13.107304
24.370768
18.035069
17.331103
17.331103
23.666802
22.258869
20.146969
19.443003
15.923170
15.923170
11.699371
29.298534
17.331103
22.962835
22.258869
22.962835
22.962835
19.443003
13.811270
19.443003
20.850936
22.962835
15.923170
24.370768
15.923170
13.811270
17.331103
17.331103
24.370768
17.331103
29.298534
23.666802
24.370768
14.515237
18.035069
20.850936
11.699371
25.778701
17.331103
27.186634
18.739036
16.627136
23.666802
18.739036
20.850936
22.258869
18.739036
20.146969
15.923170
18.739036
19.443003
16.627136
22.962835
22.962835
31.410434
16.627136
18.035069
17.331103
14.515237
17.331103
15.923170
22.962835
24.370768
17.331103
19.443003
20.850936
13.811270
23.666802
21.554902
24.370768
31.410434
18.739036
17.331103
17.331103
18.739036
18.739036
15.219203
15.219203
27.890601
24.370768
31.410434
15.219203
13.811270
20.850936
27.186634
22.962835
20.850936
27.186634
20.850936
29.298534
14.515237
19.443003
20.146969
15.923170
14.515237
27.890601
22.258869
20.146969
22.962835
11.699371
27.186634
14.515237
13.811270
15.219203
13.811270
22.258869
15.923170
23.666802
29.298534
23.666802
18.739036
15.923170
17.331103
17.331103
14.515237
21.554902
14.515237
29.298534
17.331103
23.666802
20.146969
18.739036
21.554902
17.331103
22.962835
21.554902
23.666802
20.850936
19.443003
18.739036
15.923170
20.850936
13.811270
23.666802
23.666802
16.627136
21.554902
23.666802
16.627136
16.627136
13.811270
13.107304
17.331103
24.370768
22.258869
15.219203
21.554902
27.890601
25.778701
13.107304
20.850936
22.962835
23.666802
17.331103
11.699371
15.219203
25.778701
15.923170
18.739036
20.850936
26.482668
29.298534
20.146969
22.962835
17.331103
21.554902
15.923170
20.850936
24.370768
17.331103
20.850936
21.554902
17.331103
18.739036
25.778701
15.923170
13.107304
23.666802
16.627136
22.258869
17.331103
16.627136
17.331103
27.890601
15.923170
20.850936
16.627136
29.298534
18.035069
16.627136
20.146969
23.666802
11.699371
22.962835
24.370768
13.107304
20.850936
17.331103
31.410434
16.627136
20.146969
21.554902
26.482668
19.443003
24.370768
31.410434
16.627136
15.219203
21.554902
23.666802
27.186634
15.923170
22.962835
18.739036
22.258869
15.923170
11.699371
22.962835
17.331103
20.850936
23.666802
21.554902
19.443003
22.962835
18.035069
31.410434
21.554902
31.410434
22.962835
21.554902
22.962835
15.219203
17.331103
15.923170
15.219203
15.923170
18.739036
20.850936
24.370768
26.482668
15.923170
24.370768
24.370768
16.627136
14.515237
17.331103
32.818367
26.482668
22.962835
27.890601
23.666802
17.331103
27.186634
13.811270
19.443003
24.370768
24.370768
17.331103
19.443003
18.035069
18.739036
15.923170
17.331103
18.035069
24.370768
19.443003
17.331103
16.627136
29.298534
18.739036
16.627136
29.298534
15.923170
15.923170
17.331103
20.146969
19.443003
23.666802
15.923170
23.666802
21.554902
15.923170
20.850936
23.666802
17.331103
29.298534
18.739036
27.890601
16.627136
21.554902
13.811270
26.482668
24.370768
15.219203
22.962835
24.370768
19.443003
26.482668
18.035069
31.410434
17.331103
24.370768
22.962835
18.739036
24.370768
18.739036
22.962835
31.410434
13.811270
22.962835
14.515237
20.850936
11.699371
27.890601
18.035069
18.739036
22.962835
18.739036
13.811270
21.554902
13.811270
22.962835
22.258869
26.482668
13.811270
22.258869
18.739036
20.850936
22.962835
16.627136
16.627136
26.482668
19.443003
22.962835
17.331103
17.331103
18.035069
20.146969
11.699371
17.331103
15.923170
14.515237
23.666802
22.258869
20.850936
17.331103
18.739036
27.186634
27.186634
14.515237
16.627136
26.482668
23.666802
27.890601
24.370768
27.890601
22.962835
20.146969
14.515237
27.186634
20.146969
16.627136
16.627136
13.811270
32.818367
27.890601
27.890601
24.370768
22.962835
23.666802
20.850936
23.666802
25.778701
18.739036
11.699371
27.890601
14.515237
29.298534
20.850936
20.850936
26.482668
16.627136
22.962835
22.962835
26.482668
20.850936
20.850936
15.923170
15.923170
17.331103
24.370768
13.811270
17.331103
15.923170
17.331103
23.666802
17.331103
20.850936
17.331103
27.186634
18.739036
20.850936
29.298534
19.443003
22.962835
23.666802
17.331103
24.370768
29.298534
15.923170
22.258869
16.627136
22.962835
22.962835
15.923170
20.146969
20.146969
22.962835
17.331103
15.219203
18.739036
32.818367
17.331103
17.331103
23.666802
18.035069
20.850936
21.554902
23.666802
20.850936
23.666802
20.850936
29.298534
20.146969
26.482668
13.107304
18.739036
20.850936
22.962835
26.482668
17.331103
24.370768
17.331103
23.666802
13.107304
17.331103
21.554902
27.186634
22.962835
21.554902
23.666802
26.482668
22.962835
24.370768
26.482668
23.666802
22.962835
32.818367
22.962835
19.443003
11.699371
29.298534
15.923170
17.331103
24.370768
17.331103
20.146969
17.331103
13.811270
20.146969
18.739036
15.923170
18.035069
32.818367
21.554902
29.298534
18.035069
23.666802
23.666802
27.890601
17.331103
18.739036
15.219203
16.627136
19.443003
11.699371
17.331103
13.107304
19.443003
29.298534
24.370768
27.890601
18.035069
20.850936
22.258869
15.219203
24.370768
22.962835
15.923170
20.850936
22.962835
20.850936
21.554902
17.331103
20.146969
29.298534
22.962835
24.370768
23.666802
20.850936
23.666802
27.890601
15.219203
20.850936
23.666802
14.515237
27.186634
20.146969
27.890601
20.850936
14.515237
23.666802
31.410434
15.923170
23.666802
20.146969
18.035069
16.627136
15.923170
20.146969
20.850936
17.331103
22.962835
22.258869
16.627136
20.850936
17.331103
15.923170
14.515237
18.739036
29.298534
20.850936
22.962835
32.818367
14.515237
22.962835
29.298534
20.850936
20.850936
29.298534
18.739036
30.002500
21.554902
21.554902
21.554902
17.331103
13.107304
20.850936
23.666802
16.627136
22.962835
32.818367
19.443003
20.850936
19.443003
15.923170
18.035069
23.666802
15.923170
27.186634
24.370768
15.923170
11.699371
24.370768
29.298534
13.811270
23.666802
23.666802
21.554902
18.739036
14.515237
17.331103
24.370768
27.890601
17.331103
22.962835
24.370768
17.331103
18.035069
26.482668
23.666802
11.699371
23.666802
22.258869
27.890601
15.923170
27.890601
11.699371
27.890601
24.370768
27.186634
18.739036
18.739036
14.515237
16.627136
20.146969
30.002500
23.666802
27.890601
14.515237
24.370768
15.923170
20.850936
24.370768
17.331103
19.443003
17.331103
13.811270
23.666802
23.666802
13.811270
22.962835
21.554902
23.666802
18.035069
17.331103
22.962835
22.962835
24.370768
16.627136
15.923170
18.035069
24.370768
15.923170
29.298534
16.627136
16.627136
27.890601
16.627136
18.739036
27.890601
17.331103
18.739036
22.258869
27.186634
20.850936
32.818367
18.035069
23.666802
30.002500
14.515237
16.627136
18.739036
22.962835
21.554902
18.739036
23.666802
29.298534
17.331103
18.035069
16.627136
27.890601
15.923170
21.554902
22.962835
27.890601
18.035069
20.850936
29.298534
22.962835
26.482668
22.962835
22.962835
17.331103
23.666802
27.890601
29.298534
19.443003
22.962835
20.850936
22.258869
31.410434
24.370768
14.515237
13.107304
22.258869
23.666802
20.850936
17.331103
16.627136
18.739036
31.410434
21.554902
27.890601
21.554902
18.035069
23.666802
19.443003
17.331103
20.850936
22.962835
27.890601
17.331103
21.554902
22.962835
16.627136
13.107304
18.035069
15.923170
27.186634
29.298534
26.482668
19.443003
16.627136
15.219203
18.035069
22.962835
20.850936
27.890601
22.962835
14.515237
18.739036
14.515237
23.666802
22.962835
26.482668
14.515237
31.410434
22.962835
15.219203
17.331103
20.850936
15.923170
14.515237
11.699371
18.035069
15.923170
23.666802
23.666802
24.370768
24.370768
23.666802
13.107304
11.699371
23.666802
29.298534
18.739036
23.666802
27.186634
18.739036
17.331103
20.850936
21.554902
17.331103
27.186634
21.554902
20.146969
14.515237
15.923170
18.035069
24.370768
19.443003
23.666802
14.515237
15.923170
17.331103
29.298534
18.739036
24.370768
21.554902
13.811270
27.186634
20.146969
27.186634
17.331103
17.331103
16.627136
15.923170
20.850936
23.666802
20.146969
11.699371
15.923170
22.962835
17.331103
19.443003
18.739036
18.739036
17.331103
15.219203
15.923170
24.370768
26.482668
23.666802
17.331103
20.850936
11.699371
17.331103
20.146969
18.035069
24.370768
18.739036
21.554902
16.627136
25.778701
21.554902
20.850936
27.890601
24.370768
11.699371
19.443003
20.850936
20.850936
29.298534
19.443003
24.370768
27.186634
26.482668
21.554902
29.298534
13.811270
19.443003
22.258869
17.331103
16.627136
24.370768
22.962835
23.666802
23.666802
27.890601
17.331103
14.515237
22.962835
15.923170
