12.7006136302
35.7773576573
15.7775128338
38.8542568609
15.7775128338
40.3927064627
38.0850320600
15.7775128338
29.6235592501
32.7004584537
16.5467376348
29.6235592501
26.5466600465
26.5466600465
18.0851872366
25.0082104447
33.4696832546
18.0851872366
22.7005360420
21.9313112411
18.8544120375
35.7773576573
16.5467376348
25.0082104447
29.6235592501
18.8544120375
21.1620864402
19.6236368384
61.9310008880
20.3928616393
37.3158072591
38.8542568609
20.3928616393
23.4697608429
28.8543344492
29.6235592501
20.3928616393
29.6235592501
31.9312336528
21.1620864402
20.3928616393
42.7003808654
21.1620864402
16.5467376348
25.0082104447
28.8543344492
21.1620864402
21.9313112411
21.1620864402
15.0082880329
51.9310784762
21.9313112411
37.3158072591
30.3927840510
21.9313112411
36.5465824582
33.4696832546
21.9313112411
31.9312336528
36.5465824582
22.7005360420
49.6234040735
22.7005360420
30.3927840510
23.4697608429
22.7005360420
34.2389080555
23.4697608429
32.7004584537
24.2389856438
23.4697608429
24.2389856438
31.1620088519
24.2389856438
38.8542568609
23.4697608429
25.0082104447
43.4696056663
18.0851872366
25.7774352456
44.2388304672
27.3158848474
21.9313112411
36.5465824582
27.3158848474
50.3926288744
28.0851096483
41.9311560645
18.8544120375
28.0851096483
42.7003808654
28.0851096483
35.0081328564
21.9313112411
28.0851096483
39.6234816618
28.0851096483
37.3158072591
14.2390632320
28.8543344492
38.0850320600
28.8543344492
27.3158848474
28.8543344492
26.5466600465
22.7005360420
28.8543344492
18.8544120375
29.6235592501
33.4696832546
29.6235592501
31.1620088519
29.6235592501
33.4696832546
33.4696832546
29.6235592501
31.9312336528
25.7774352456
28.0851096483
29.6235592501
14.2390632320
30.3927840510
26.5466600465
40.3927064627
30.3927840510
65.0079000916
31.1620088519
51.9310784762
18.0851872366
31.1620088519
39.6234816618
31.1620088519
28.0851096483
40.3927064627
31.1620088519
23.4697608429
27.3158848474
28.8543344492
31.9312336528
31.9312336528
28.8543344492
27.3158848474
24.2389856438
24.2389856438
33.4696832546
41.1619312636
34.2389080555
39.6234816618
28.0851096483
35.0081328564
54.2387528790
35.0081328564
35.0081328564
26.5466600465
35.0081328564
41.9311560645
35.7773576573
23.4697608429
30.3927840510
36.5465824582
45.0080552681
36.5465824582
28.0851096483
31.1620088519
37.3158072591
31.1620088519
37.3158072591
18.8544120375
38.0850320600
27.3158848474
38.8542568609
45.0080552681
39.6234816618
39.6234816618
39.6234816618
39.6234816618
48.0849544717
40.3927064627
40.3927064627
41.1619312636
41.1619312636
34.2389080555
44.2388304672
39.6234816618
47.3157296708
37.3158072591
47.3157296708
25.7774352456
32.7004584537
49.6234040735
32.7004584537
50.3926288744
51.1618536753
58.8541016844
61.1617760871
61.9310008880
30.3927840510
65.0079000916
