5.2467318540
18.6316357700
12.7757403068
13.6122968015
9.4295143277
11.1026273172
12.7757403068
7.7564013382
6.0832883487
20.3047487595
9.4295143277
4.4101753592
6.9198448435
5.2467318540
9.4295143277
7.7564013382
9.4295143277
9.4295143277
16.9585227805
10.2660708225
14.4488532963
4.4101753592
11.9391838120
6.0832883487
11.9391838120
8.5929578330
6.9198448435
12.7757403068
11.1026273172
12.7757403068
13.6122968015
15.2854097910
11.1026273172
16.1219662858
11.1026273172
10.2660708225
11.1026273172
21.1413052543
15.2854097910
9.4295143277
10.2660708225
10.2660708225
6.0832883487
18.6316357700
6.9198448435
6.9198448435
12.7757403068
13.6122968015
11.1026273172
7.7564013382
16.1219662858
14.4488532963
6.0832883487
9.4295143277
7.7564013382
6.0832883487
11.1026273172
11.1026273172
11.9391838120
9.4295143277
16.9585227805
15.2854097910
16.1219662858
11.1026273172
16.9585227805
9.4295143277
10.2660708225
16.9585227805
11.1026273172
15.2854097910
14.4488532963
16.9585227805
11.9391838120
14.4488532963
11.9391838120
7.7564013382
10.2660708225
11.9391838120
15.2854097910
4.4101753592
9.4295143277
11.9391838120
15.2854097910
7.7564013382
12.7757403068
19.4681922648
6.9198448435
11.9391838120
19.4681922648
8.5929578330
12.7757403068
6.9198448435
6.9198448435
3.5736188645
3.5736188645
18.6316357700
16.9585227805
9.4295143277
10.2660708225
18.6316357700
17.7950792753
9.4295143277
21.9778617490
8.5929578330
6.0832883487
11.9391838120
18.6316357700
17.7950792753
16.1219662858
12.7757403068
11.1026273172
8.5929578330
11.9391838120
9.4295143277
5.2467318540
14.4488532963
6.0832883487
16.1219662858
12.7757403068
13.6122968015
9.4295143277
18.6316357700
13.6122968015
11.9391838120
9.4295143277
15.2854097910
10.2660708225
11.1026273172
9.4295143277
