13.0798972174
23.6018416095
18.3408694135
24.4786703088
13.0798972174
13.9567259168
17.4640407141
20.9713555115
13.0798972174
25.3554990082
14.8335546161
14.8335546161
11.3262398188
9.5725824201
13.9567259168
14.8335546161
19.2176981128
23.6018416095
31.4932999035
13.9567259168
19.2176981128
34.1237860015
25.3554990082
14.8335546161
15.7103833154
24.4786703088
14.8335546161
16.5872120148
15.7103833154
21.8481842108
24.4786703088
25.3554990082
15.7103833154
23.6018416095
21.8481842108
20.9713555115
15.7103833154
29.7396425049
20.0945268121
14.8335546161
16.5872120148
28.8628138055
16.5872120148
23.6018416095
16.5872120148
11.3262398188
23.6018416095
23.6018416095
18.3408694135
16.5872120148
20.9713555115
20.0945268121
12.2030685181
18.3408694135
18.3408694135
35.8774434002
15.7103833154
25.3554990082
18.3408694135
16.5872120148
21.8481842108
20.9713555115
20.9713555115
16.5872120148
27.9859851062
16.5872120148
14.8335546161
21.8481842108
22.7250129101
17.4640407141
25.3554990082
21.8481842108
29.7396425049
27.9859851062
16.5872120148
22.7250129101
15.7103833154
23.6018416095
19.2176981128
20.9713555115
22.7250129101
23.6018416095
31.4932999035
13.0798972174
19.2176981128
24.4786703088
9.5725824201
18.3408694135
28.8628138055
17.4640407141
24.4786703088
12.2030685181
22.7250129101
13.0798972174
25.3554990082
24.4786703088
24.4786703088
16.5872120148
29.7396425049
24.4786703088
21.8481842108
21.8481842108
25.3554990082
25.3554990082
15.7103833154
20.0945268121
23.6018416095
27.1091564068
24.4786703088
20.0945268121
27.9859851062
17.4640407141
18.3408694135
32.3701286029
9.5725824201
28.8628138055
12.2030685181
20.9713555115
16.5872120148
31.4932999035
24.4786703088
29.7396425049
31.4932999035
16.5872120148
16.5872120148
31.4932999035
34.1237860015
18.3408694135
19.2176981128
