5.9818149189
16.2766820034
8.9232055144
21.4241155457
9.6585531633
8.9232055144
22.1594631946
8.9232055144
18.4827249501
18.4827249501
10.3939008122
15.5413343545
12.5999437589
11.8645961100
11.1292484611
18.4827249501
24.3655061413
8.9232055144
12.5999437589
12.5999437589
6.7171625678
23.6301584924
9.6585531633
13.3352914078
14.0706390567
5.9818149189
10.3939008122
14.0706390567
13.3352914078
14.8059867056
25.8362014391
20.6887678968
12.5999437589
16.2766820034
16.2766820034
18.4827249501
14.8059867056
8.9232055144
18.4827249501
14.0706390567
11.1292484611
25.8362014391
7.4525102166
8.9232055144
16.2766820034
11.8645961100
15.5413343545
10.3939008122
14.0706390567
8.9232055144
19.9534202479
14.8059867056
28.7775920347
21.4241155457
14.0706390567
25.8362014391
18.4827249501
14.8059867056
20.6887678968
18.4827249501
16.2766820034
21.4241155457
13.3352914078
22.8948108435
14.0706390567
14.0706390567
17.0120296523
16.2766820034
22.8948108435
11.8645961100
11.8645961100
16.2766820034
25.1008537902
17.0120296523
16.2766820034
13.3352914078
19.2180725990
28.0422443858
8.1878578655
19.9534202479
15.5413343545
19.2180725990
14.0706390567
28.0422443858
21.4241155457
41.2785020660
19.9534202479
10.3939008122
8.9232055144
22.1594631946
20.6887678968
13.3352914078
28.7775920347
14.0706390567
17.0120296523
20.6887678968
15.5413343545
25.1008537902
7.4525102166
10.3939008122
9.6585531633
18.4827249501
14.0706390567
21.4241155457
19.2180725990
17.0120296523
19.2180725990
13.3352914078
19.2180725990
14.0706390567
22.1594631946
25.8362014391
20.6887678968
19.2180725990
18.4827249501
14.0706390567
19.2180725990
11.1292484611
13.3352914078
17.0120296523
7.4525102166
22.8948108435
9.6585531633
32.4543302792
24.3655061413
42.0138497149
22.8948108435
22.1594631946
11.8645961100
8.9232055144
11.8645961100
25.1008537902
14.0706390567
11.1292484611
24.3655061413
9.6585531633
11.8645961100
20.6887678968
25.8362014391
25.1008537902
18.4827249501
15.5413343545
16.2766820034
11.1292484611
25.1008537902
30.2482873325
22.1594631946
13.3352914078
14.0706390567
27.3068967369
12.5999437589
19.2180725990
24.3655061413
7.4525102166
14.8059867056
10.3939008122
11.8645961100
8.9232055144
11.1292484611
11.8645961100
16.2766820034
22.8948108435
19.9534202479
23.6301584924
13.3352914078
15.5413343545
22.8948108435
11.1292484611
11.8645961100
20.6887678968
24.3655061413
27.3068967369
12.5999437589
8.9232055144
28.0422443858
18.4827249501
17.7473773012
30.9836349814
17.7473773012
14.0706390567
16.2766820034
22.8948108435
24.3655061413
7.4525102166
12.5999437589
19.2180725990
14.8059867056
8.1878578655
18.4827249501
28.7775920347
14.0706390567
31.7189826303
24.3655061413
11.1292484611
12.5999437589
14.0706390567
14.0706390567
26.5715490880
