5.6179466366
8.4258793660
3.5119970896
4.9159634543
8.4258793660
7.7238961836
5.6179466366
7.7238961836
11.9357952777
8.4258793660
7.0219130013
7.7238961836
7.0219130013
7.7238961836
4.9159634543
4.9159634543
4.2139802719
5.6179466366
5.6179466366
8.4258793660
6.3199298190
7.0219130013
3.5119970896
5.6179466366
8.4258793660
7.7238961836
5.6179466366
6.3199298190
6.3199298190
4.2139802719
7.0219130013
7.0219130013
10.5318289130
7.0219130013
7.7238961836
7.7238961836
5.6179466366
8.4258793660
7.0219130013
9.8298457307
7.7238961836
8.4258793660
7.7238961836
7.0219130013
8.4258793660
5.6179466366
7.0219130013
4.9159634543
4.9159634543
11.9357952777
9.1278625483
8.4258793660
7.7238961836
7.0219130013
4.9159634543
4.9159634543
8.4258793660
7.0219130013
8.4258793660
7.7238961836
6.3199298190
10.5318289130
7.7238961836
4.2139802719
5.6179466366
8.4258793660
4.9159634543
11.2338120954
