9.1847291887
16.8726401245
13.0286846566
8.2237403218
14.9506623906
20.7165955924
10.1457180557
12.0676957897
16.8726401245
18.7946178585
15.9116512576
11.1067069227
11.1067069227
14.9506623906
13.9896735236
11.1067069227
15.9116512576
7.2627514548
11.1067069227
14.9506623906
11.1067069227
11.1067069227
12.0676957897
11.1067069227
13.9896735236
15.9116512576
20.7165955924
11.1067069227
9.1847291887
9.1847291887
17.8336289915
11.1067069227
17.8336289915
11.1067069227
13.9896735236
12.0676957897
9.1847291887
20.7165955924
12.0676957897
19.7556067255
16.8726401245
12.0676957897
13.9896735236
15.9116512576
15.9116512576
18.7946178585
10.1457180557
11.1067069227
12.0676957897
16.8726401245
13.0286846566
14.9506623906
16.8726401245
11.1067069227
12.0676957897
10.1457180557
12.0676957897
10.1457180557
22.6385733264
13.9896735236
12.0676957897
17.8336289915
13.9896735236
17.8336289915
10.1457180557
17.8336289915
8.2237403218
15.9116512576
