2
16
6
23
7
6
24
6
19
19
8
15
11
10
9
19
27
6
11
11
3
26
7
12
13
2
8
13
12
14
29
22
11
16
16
19
14
6
19
13
9
29
4
6
16
10
15
8
13
6
21
14
33
23
13
29
19
14
22
19
16
23
12
25
13
13
17
16
25
10
10
16
28
17
16
12
20
32
5
21
15
20
13
32
23
50
21
8
6
24
22
12
33
13
17
22
15
28
4
8
7
19
13
23
20
17
20
12
20
13
24
29
22
20
19
13
20
9
12
17
4
25
7
38
27
51
25
24
10
6
10
28
13
9
27
7
10
22
29
28
19
15
16
9
28
35
24
12
13
31
11
20
27
4
14
8
10
6
9
10
16
25
21
26
12
15
25
9
10
22
27
31
11
6
32
19
18
36
18
13
16
25
27
4
11
20
14
5
19
33
13
37
27
9
11
13
13
30
