7
37
11
41
11
43
40
11
29
33
12
29
25
25
14
23
34
14
20
19
15
37
12
23
29
15
18
16
71
17
39
41
17
21
28
29
17
29
32
18
17
46
18
12
23
28
18
19
18
10
58
19
39
30
19
38
34
19
32
38
20
55
20
30
21
20
35
21
33
22
21
22
31
22
41
21
23
47
14
24
48
26
19
38
26
56
27
45
15
27
46
27
36
19
27
42
27
39
9
28
40
28
26
28
25
20
28
15
29
34
29
31
29
34
34
29
32
24
27
29
9
30
25
43
30
75
31
58
14
31
42
31
27
43
31
21
26
28
32
32
28
26
22
22
34
44
35
42
27
36
61
36
36
25
36
45
37
21
30
38
49
38
27
31
39
31
39
15
40
26
41
49
42
42
42
42
53
43
43
44
44
35
48
42
52
39
52
24
33
55
33
56
57
67
70
71
30
75
