17.693125
19.639888
33.267227
22.235571
30.022622
20.288808
33.916148
42.352120
28.724781
38.458594
18.342046
24.182334
19.639888
26.778018
31.969385
22.235571
25.480176
28.724781
32.618306
18.342046
33.916148
18.990967
22.884492
13.799599
20.288808
12.501757
44.298883
25.480176
24.831255
28.724781
22.884492
31.969385
24.182334
33.916148
26.129097
28.075860
25.480176
35.862911
15.746362
28.724781
26.778018
28.075860
31.969385
34.565069
26.129097
33.267227
24.831255
25.480176
32.618306
41.054278
27.426939
26.778018
12.501757
24.831255
31.320464
26.129097
20.288808
33.267227
26.778018
32.618306
19.639888
30.022622
26.129097
28.075860
35.213990
55.330539
28.724781
42.352120
30.022622
38.458594
17.044204
24.831255
55.330539
32.618306
13.150678
42.352120
25.480176
16.395283
30.671543
31.320464
19.639888
26.129097
31.969385
25.480176
25.480176
36.511832
31.969385
26.129097
25.480176
31.320464
35.213990
22.235571
14.448520
22.235571
26.778018
31.320464
24.831255
30.022622
35.862911
24.182334
22.884492
37.809674
27.426939
31.320464
24.831255
24.831255
18.990967
42.352120
30.671543
30.022622
33.916148
36.511832
26.778018
35.862911
23.533413
52.734855
27.426939
17.693125
31.969385
23.533413
16.395283
14.448520
13.150678
24.831255
22.884492
24.831255
17.044204
18.990967
21.586650
26.778018
52.734855
17.044204
31.320464
28.724781
22.884492
34.565069
55.330539
33.267227
23.533413
28.724781
22.884492
17.693125
32.618306
25.480176
33.916148
26.778018
18.990967
23.533413
31.969385
25.480176
46.245646
33.267227
26.778018
36.511832
33.916148
28.075860
55.330539
24.182334
16.395283
28.724781
27.426939
17.693125
37.160753
20.288808
26.129097
28.724781
35.862911
19.639888
17.044204
25.480176
13.799599
33.916148
24.831255
27.426939
16.395283
20.288808
25.480176
52.734855
35.213990
41.054278
24.831255
42.352120
46.245646
22.884492
16.395283
29.373701
27.426939
27.426939
24.182334
26.778018
33.267227
24.831255
13.799599
34.565069
26.778018
25.480176
13.799599
37.809674
20.937729
25.480176
24.182334
44.298883
15.746362
26.778018
19.639888
33.267227
24.182334
26.778018
28.724781
38.458594
28.075860
26.129097
32.618306
44.298883
22.884492
38.458594
35.213990
18.990967
30.671543
42.352120
23.533413
30.022622
22.235571
55.330539
21.586650
31.320464
38.458594
24.831255
15.746362
29.373701
33.267227
31.969385
18.990967
28.724781
21.586650
17.693125
28.724781
16.395283
14.448520
50.139171
34.565069
24.831255
23.533413
19.639888
25.480176
34.565069
24.831255
16.395283
20.288808
20.288808
16.395283
41.054278
40.405357
17.693125
23.533413
35.213990
35.213990
18.990967
16.395283
18.342046
29.373701
27.426939
40.405357
32.618306
22.884492
37.809674
25.480176
24.182334
26.778018
14.448520
55.330539
37.809674
16.395283
26.129097
23.533413
16.395283
21.586650
25.480176
27.426939
28.075860
27.426939
32.618306
22.884492
41.054278
13.150678
24.182334
26.129097
19.639888
13.799599
19.639888
28.075860
20.937729
20.288808
24.831255
25.480176
28.724781
24.182334
27.426939
23.533413
30.022622
24.182334
20.288808
25.480176
52.085934
31.969385
16.395283
33.916148
17.693125
22.884492
40.405357
40.405357
24.182334
34.565069
33.916148
24.182334
29.373701
43.649962
34.565069
20.288808
27.426939
22.235571
20.288808
20.937729
31.320464
20.288808
25.480176
17.044204
15.746362
12.501757
25.480176
18.990967
33.916148
21.586650
18.342046
32.618306
27.426939
17.693125
36.511832
21.586650
28.724781
21.586650
17.693125
50.139171
29.373701
21.586650
20.288808
14.448520
22.884492
20.937729
21.586650
23.533413
30.671543
20.288808
26.778018
17.693125
16.395283
46.245646
50.139171
22.884492
20.288808
55.330539
20.937729
33.267227
25.480176
24.831255
28.724781
18.990967
23.533413
18.990967
24.831255
24.831255
25.480176
27.426939
28.724781
24.831255
28.724781
24.182334
33.916148
33.916148
20.288808
33.916148
24.831255
12.501757
30.022622
20.937729
31.320464
37.809674
22.884492
23.533413
32.618306
16.395283
20.937729
26.778018
25.480176
24.182334
12.501757
30.022622
41.054278
17.693125
22.884492
24.182334
28.724781
22.884492
26.778018
31.320464
28.724781
16.395283
24.831255
52.085934
25.480176
26.129097
15.746362
24.182334
20.937729
15.746362
15.746362
31.969385
18.342046
24.182334
23.533413
24.831255
20.288808
22.884492
20.288808
21.586650
25.480176
35.213990
24.831255
24.182334
30.671543
17.044204
55.330539
35.213990
20.937729
33.916148
50.139171
15.746362
13.799599
25.480176
52.085934
20.288808
32.618306
25.480176
35.213990
33.916148
28.075860
31.320464
24.182334
33.916148
18.990967
25.480176
18.990967
17.693125
15.746362
33.916148
43.001041
18.990967
26.778018
33.267227
31.969385
33.916148
26.129097
37.160753
18.990967
17.693125
22.884492
37.809674
24.182334
16.395283
24.831255
35.213990
33.916148
41.054278
16.395283
35.213990
42.352120
19.639888
44.298883
25.480176
20.288808
28.075860
31.969385
18.990967
17.044204
24.182334
33.916148
30.022622
32.618306
43.649962
22.884492
19.639888
18.342046
34.565069
27.426939
25.480176
31.969385
24.831255
20.288808
26.778018
28.724781
28.075860
15.746362
34.565069
20.288808
29.373701
16.395283
19.639888
18.990967
24.182334
20.288808
18.990967
20.937729
15.746362
31.969385
28.075860
20.288808
28.075860
18.990967
18.990967
31.969385
19.639888
20.288808
28.075860
22.235571
43.001041
44.298883
28.075860
19.639888
35.213990
36.511832
13.150678
26.778018
24.831255
30.022622
24.831255
30.671543
26.778018
28.075860
33.916148
24.182334
20.937729
31.969385
33.267227
17.044204
55.330539
15.746362
24.831255
25.480176
18.342046
23.533413
24.182334
19.639888
31.969385
21.586650
12.501757
29.373701
38.458594
24.182334
43.001041
18.990967
18.990967
19.639888
31.320464
44.298883
28.075860
24.182334
22.884492
33.916148
38.458594
26.129097
33.916148
26.778018
23.533413
30.671543
16.395283
33.916148
25.480176
27.426939
36.511832
31.969385
25.480176
36.511832
24.182334
44.298883
33.916148
13.150678
20.937729
31.320464
26.778018
18.342046
18.990967
50.139171
35.213990
33.916148
18.990967
27.426939
31.969385
33.916148
13.150678
26.778018
18.342046
26.778018
31.969385
33.267227
24.182334
27.426939
21.586650
20.288808
26.778018
18.342046
24.182334
33.916148
20.288808
34.565069
30.022622
46.245646
24.831255
30.022622
33.267227
26.129097
27.426939
19.639888
18.990967
28.724781
22.884492
33.916148
31.969385
50.139171
44.298883
31.320464
13.799599
33.267227
20.288808
28.724781
31.320464
30.022622
25.480176
35.213990
18.990967
33.916148
33.916148
15.746362
24.831255
25.480176
33.916148
28.075860
25.480176
19.639888
26.778018
18.990967
26.778018
12.501757
52.734855
33.916148
16.395283
33.916148
21.586650
28.075860
31.320464
36.511832
29.373701
21.586650
31.969385
31.320464
33.267227
32.618306
34.565069
31.320464
52.085934
36.511832
33.916148
17.693125
21.586650
22.884492
28.075860
13.150678
15.746362
24.182334
31.320464
12.501757
31.969385
20.288808
24.831255
26.778018
18.990967
33.916148
38.458594
31.969385
16.395283
35.862911
22.235571
24.182334
35.213990
28.724781
18.990967
19.639888
35.213990
38.458594
20.937729
43.001041
32.618306
32.618306
24.831255
17.693125
31.969385
22.235571
33.916148
33.267227
30.022622
20.937729
52.085934
24.182334
23.533413
17.693125
35.862911
33.916148
55.330539
24.831255
31.969385
20.937729
36.511832
24.182334
46.245646
31.969385
20.288808
18.990967
31.320464
24.182334
31.320464
37.160753
24.182334
24.182334
28.724781
55.330539
28.724781
24.831255
23.533413
28.075860
32.618306
31.320464
24.182334
20.937729
28.075860
20.937729
23.533413
24.831255
26.129097
20.937729
33.267227
33.916148
26.778018
24.831255
18.990967
43.649962
38.458594
24.182334
32.618306
28.075860
28.724781
22.884492
24.831255
30.671543
20.288808
24.182334
16.395283
50.139171
28.724781
40.405357
37.809674
32.618306
26.778018
18.990967
28.724781
25.480176
26.129097
13.799599
30.022622
27.426939
28.724781
18.990967
34.565069
23.533413
30.671543
26.129097
26.129097
46.245646
22.235571
43.001041
18.990967
23.533413
33.267227
26.129097
35.213990
26.129097
24.831255
11.203915
24.831255
36.511832
28.724781
33.267227
18.342046
16.395283
26.778018
15.746362
30.671543
28.724781
31.969385
30.022622
18.342046
28.724781
16.395283
31.969385
35.213990
17.693125
33.267227
33.916148
20.937729
24.831255
24.831255
34.565069
33.916148
24.831255
24.182334
27.426939
33.916148
18.990967
40.405357
37.809674
34.565069
33.267227
15.746362
34.565069
22.884492
33.916148
16.395283
26.778018
22.884492
31.969385
43.001041
31.320464
17.693125
28.075860
20.937729
29.373701
30.671543
37.809674
23.533413
15.746362
20.288808
25.480176
33.267227
15.746362
24.831255
44.298883
20.288808
30.022622
19.639888
26.129097
31.320464
34.565069
20.288808
26.778018
18.990967
16.395283
37.160753
23.533413
30.022622
24.831255
43.001041
26.778018
24.831255
28.075860
33.916148
20.937729
27.426939
34.565069
17.693125
20.288808
35.862911
26.778018
25.480176
37.809674
37.160753
20.937729
24.182334
42.352120
20.937729
26.778018
24.182334
22.884492
36.511832
25.480176
35.213990
31.969385
34.565069
43.001041
25.480176
31.320464
43.001041
13.799599
18.990967
43.001041
31.969385
28.724781
25.480176
16.395283
25.480176
11.203915
18.990967
52.085934
18.990967
20.288808
25.480176
17.693125
31.969385
33.916148
18.990967
43.001041
33.916148
30.671543
17.044204
37.809674
35.213990
26.778018
35.213990
25.480176
43.001041
42.352120
34.565069
30.022622
18.990967
22.235571
21.586650
25.480176
24.831255
27.426939
26.129097
29.373701
42.352120
34.565069
28.724781
14.448520
40.405357
28.724781
25.480176
22.235571
25.480176
31.969385
25.480176
34.565069
42.352120
43.001041
16.395283
33.267227
33.267227
33.916148
33.267227
19.639888
16.395283
25.480176
34.565069
34.565069
20.288808
52.734855
24.831255
28.075860
35.213990
28.724781
29.373701
20.288808
26.778018
18.990967
15.746362
33.916148
21.586650
18.990967
31.320464
25.480176
33.267227
18.990967
31.969385
27.426939
26.778018
24.182334
14.448520
22.884492
36.511832
17.693125
52.734855
33.916148
24.182334
18.342046
23.533413
26.129097
24.831255
26.778018
31.320464
26.129097
25.480176
18.990967
42.352120
38.458594
11.203915
13.150678
24.831255
25.480176
26.778018
20.937729
20.288808
27.426939
33.916148
17.693125
33.267227
22.884492
31.969385
24.182334
42.352120
24.182334
22.884492
23.533413
24.831255
28.075860
22.884492
27.426939
36.511832
18.342046
26.778018
34.565069
33.916148
35.213990
18.342046
31.969385
28.075860
16.395283
20.288808
18.990967
33.267227
22.235571
26.778018
20.288808
29.373701
23.533413
28.724781
31.969385
26.129097
33.267227
16.395283
20.288808
27.426939
26.129097
25.480176
30.671543
25.480176
21.586650
22.884492
23.533413
26.129097
17.044204
30.022622
31.969385
27.426939
25.480176
22.884492
17.693125
26.778018
13.799599
25.480176
26.778018
22.235571
12.501757
24.182334
37.160753
20.288808
30.671543
52.734855
24.182334
28.724781
40.405357
21.586650
18.342046
18.990967
13.150678
21.586650
28.724781
26.129097
33.916148
26.129097
33.267227
42.352120
32.618306
22.884492
26.778018
40.405357
19.639888
36.511832
19.639888
27.426939
33.916148
34.565069
24.831255
22.884492
24.182334
22.235571
18.342046
22.235571
15.746362
35.213990
15.746362
28.724781
31.320464
26.778018
25.480176
44.298883
31.969385
19.639888
24.831255
18.342046
37.809674
30.671543
43.649962
15.746362
30.022622
55.330539
25.480176
24.831255
24.182334
25.480176
28.724781
32.618306
24.831255
15.746362
25.480176
43.649962
19.639888
44.298883
24.182334
30.671543
18.342046
31.969385
20.288808
32.618306
33.916148
18.990967
46.245646
31.320464
24.182334
22.884492
35.213990
33.267227
28.724781
25.480176
18.342046
24.182334
27.426939
30.022622
23.533413
17.693125
24.182334
21.586650
28.724781
18.990967
13.799599
50.139171
26.129097
28.724781
40.405357
17.693125
20.937729
31.969385
23.533413
19.639888
23.533413
27.426939
52.085934
20.288808
26.129097
42.352120
20.288808
25.480176
26.778018
14.448520
23.533413
24.831255
26.129097
34.565069
44.298883
33.267227
33.916148
46.245646
24.182334
40.405357
34.565069
15.746362
31.969385
24.831255
16.395283
41.054278
36.511832
25.480176
12.501757
23.533413
22.235571
28.724781
26.129097
20.937729
18.990967
30.022622
35.213990
17.693125
32.618306
20.937729
31.969385
24.831255
31.969385
19.639888
18.990967
24.831255
28.075860
33.267227
25.480176
22.235571
43.001041
30.022622
28.075860
24.182334
33.267227
18.990967
26.778018
16.395283
22.235571
16.395283
24.831255
40.405357
25.480176
13.799599
25.480176
33.916148
22.884492
26.778018
33.916148
19.639888
32.618306
29.373701
31.320464
24.831255
24.831255
18.990967
23.533413
13.799599
28.075860
18.990967
23.533413
18.342046
29.373701
24.831255
15.746362
26.129097
13.799599
24.831255
25.480176
26.129097
27.426939
26.778018
18.342046
28.724781
37.809674
55.330539
24.831255
15.746362
25.480176
18.990967
18.990967
33.916148
40.405357
31.969385
33.916148
25.480176
33.916148
22.884492
24.182334
34.565069
28.724781
28.724781
18.342046
22.884492
42.352120
34.565069
18.342046
22.884492
42.352120
37.160753
29.373701
13.799599
22.884492
18.342046
35.862911
18.990967
24.182334
24.831255
35.213990
20.288808
24.182334
28.075860
32.618306
28.075860
29.373701
33.916148
33.267227
33.916148
25.480176
26.129097
43.001041
28.075860
26.129097
16.395283
30.671543
26.778018
31.969385
25.480176
38.458594
14.448520
38.458594
43.001041
22.884492
29.373701
19.639888
32.618306
26.129097
24.182334
26.129097
13.799599
24.831255
27.426939
25.480176
18.990967
19.639888
22.884492
23.533413
30.022622
12.501757
42.352120
22.235571
18.342046
16.395283
26.778018
25.480176
19.639888
30.022622
24.831255
28.075860
30.022622
23.533413
25.480176
26.129097
23.533413
25.480176
20.937729
17.044204
18.342046
26.129097
34.565069
16.395283
25.480176
25.480176
26.778018
52.734855
30.022622
33.267227
40.405357
31.969385
21.586650
46.245646
13.150678
28.075860
19.639888
15.746362
14.448520
20.288808
55.330539
23.533413
15.746362
22.884492
11.203915
17.693125
16.395283
26.778018
19.639888
28.724781
43.649962
37.809674
19.639888
24.831255
31.969385
33.267227
22.235571
22.235571
13.150678
11.203915
28.724781
31.969385
26.129097
33.267227
18.990967
17.693125
43.001041
19.639888
43.001041
17.044204
18.342046
25.480176
16.395283
22.235571
18.990967
25.480176
43.649962
14.448520
11.203915
15.746362
24.182334
28.075860
43.649962
14.448520
18.990967
26.778018
22.884492
19.639888
27.426939
35.862911
26.778018
33.916148
28.724781
31.320464
42.352120
19.639888
23.533413
18.342046
33.916148
30.671543
12.501757
20.288808
33.267227
34.565069
22.235571
26.778018
43.649962
25.480176
23.533413
26.778018
26.778018
21.586650
18.990967
38.458594
14.448520
24.831255
22.235571
28.724781
25.480176
26.778018
31.320464
42.352120
31.320464
16.395283
26.778018
27.426939
16.395283
25.480176
13.799599
30.022622
20.288808
26.129097
22.884492
25.480176
36.511832
11.203915
31.969385
24.182334
26.778018
20.288808
36.511832
28.075860
26.129097
12.501757
18.990967
31.969385
27.426939
32.618306
33.267227
33.916148
30.022622
18.342046
23.533413
15.746362
25.480176
27.426939
41.054278
20.937729
25.480176
22.884492
23.533413
15.746362
24.831255
30.022622
18.342046
29.373701
24.831255
24.831255
26.129097
25.480176
24.831255
14.448520
33.267227
28.075860
24.831255
28.724781
33.916148
18.990967
28.724781
30.022622
26.129097
19.639888
18.990967
20.288808
33.916148
24.831255
26.778018
18.990967
16.395283
16.395283
26.778018
33.267227
22.235571
24.182334
16.395283
18.342046
26.778018
38.458594
27.426939
28.724781
27.426939
43.001041
13.799599
18.990967
30.671543
31.320464
14.448520
25.480176
23.533413
44.298883
17.044204
27.426939
20.288808
42.352120
19.639888
25.480176
31.969385
28.075860
27.426939
28.724781
26.129097
22.235571
19.639888
26.129097
15.746362
28.724781
34.565069
25.480176
21.586650
24.831255
26.129097
30.671543
31.320464
37.809674
43.001041
30.022622
14.448520
15.746362
33.916148
30.022622
24.831255
43.001041
34.565069
23.533413
31.969385
13.150678
28.075860
32.618306
20.288808
42.352120
34.565069
42.352120
27.426939
18.342046
18.990967
32.618306
31.320464
24.182334
46.245646
31.969385
17.693125
14.448520
24.182334
30.022622
15.746362
28.724781
24.831255
17.693125
24.831255
26.778018
24.182334
15.746362
21.586650
43.001041
11.203915
28.724781
27.426939
42.352120
24.182334
28.724781
20.937729
20.937729
35.862911
27.426939
15.746362
30.022622
31.969385
33.916148
30.671543
17.693125
24.831255
13.799599
31.969385
26.778018
23.533413
16.395283
15.746362
18.342046
33.267227
18.990967
28.075860
37.809674
13.799599
33.916148
26.778018
34.565069
18.990967
21.586650
25.480176
15.746362
33.916148
27.426939
29.373701
24.182334
25.480176
19.639888
26.129097
26.778018
18.342046
27.426939
27.426939
31.969385
16.395283
43.649962
25.480176
28.724781
24.831255
25.480176
44.298883
31.320464
28.724781
15.746362
19.639888
16.395283
33.916148
35.213990
28.724781
23.533413
22.884492
46.245646
22.235571
28.075860
30.022622
43.649962
21.586650
24.182334
20.288808
28.075860
24.831255
29.373701
33.916148
23.533413
18.990967
30.022622
25.480176
36.511832
55.330539
55.330539
26.129097
24.182334
25.480176
26.778018
33.916148
18.990967
55.330539
17.693125
43.649962
21.586650
17.044204
33.916148
30.671543
43.001041
27.426939
30.671543
20.937729
15.746362
24.182334
15.746362
29.373701
19.639888
14.448520
23.533413
26.778018
37.160753
34.565069
25.480176
18.990967
21.586650
22.884492
26.778018
38.458594
25.480176
22.235571
33.267227
37.809674
34.565069
17.693125
27.426939
21.586650
24.182334
52.085934
20.288808
24.182334
18.990967
33.916148
18.990967
24.182334
25.480176
26.778018
24.182334
23.533413
43.001041
19.639888
27.426939
24.831255
26.778018
15.746362
42.352120
22.884492
20.288808
18.990967
23.533413
24.831255
22.884492
22.884492
13.799599
20.288808
28.724781
19.639888
26.778018
30.671543
16.395283
36.511832
26.129097
28.724781
33.916148
33.916148
16.395283
25.480176
31.969385
22.884492
28.075860
35.862911
14.448520
24.831255
28.724781
25.480176
17.693125
11.203915
28.724781
23.533413
26.778018
16.395283
36.511832
21.586650
28.724781
15.746362
24.831255
34.565069
20.288808
20.937729
31.320464
24.831255
55.330539
24.182334
25.480176
22.884492
19.639888
13.799599
13.799599
28.724781
29.373701
15.746362
20.937729
13.799599
19.639888
26.129097
28.075860
21.586650
19.639888
18.990967
18.990967
31.969385
40.405357
33.267227
30.022622
20.288808
33.267227
24.831255
18.990967
22.884492
25.480176
20.288808
23.533413
27.426939
22.235571
28.724781
13.799599
18.990967
35.213990
25.480176
27.426939
28.724781
26.129097
33.267227
16.395283
26.778018
34.565069
16.395283
18.990967
37.809674
32.618306
13.799599
31.969385
23.533413
31.969385
28.724781
31.320464
21.586650
26.129097
44.298883
30.022622
32.618306
26.129097
24.831255
20.288808
18.342046
25.480176
37.809674
20.288808
35.862911
44.298883
25.480176
31.969385
13.799599
33.916148
18.342046
18.342046
13.799599
24.182334
38.458594
24.831255
30.671543
18.990967
16.395283
31.969385
44.298883
34.565069
29.373701
41.054278
31.320464
24.182334
27.426939
33.267227
55.330539
27.426939
25.480176
30.671543
55.330539
31.969385
33.267227
31.969385
33.916148
25.480176
14.448520
34.565069
25.480176
17.693125
26.778018
17.693125
32.618306
30.671543
27.426939
42.352120
18.990967
16.395283
18.990967
29.373701
26.129097
33.916148
18.342046
37.809674
25.480176
28.075860
34.565069
25.480176
30.671543
31.320464
42.352120
28.075860
28.724781
16.395283
20.288808
24.831255
25.480176
24.182334
25.480176
20.288808
33.916148
30.022622
33.267227
17.693125
36.511832
18.990967
34.565069
43.001041
16.395283
27.426939
17.044204
23.533413
26.778018
26.129097
27.426939
33.267227
28.724781
15.746362
34.565069
20.288808
23.533413
11.203915
23.533413
24.182334
22.884492
31.320464
55.330539
29.373701
18.990967
25.480176
26.778018
17.693125
27.426939
28.724781
18.342046
22.884492
40.405357
13.799599
35.213990
24.182334
34.565069
24.831255
13.799599
28.724781
