25.724830
33.753961
24.721189
14.684775
12.677492
33.753961
10.670209
52.823148
28.735754
14.684775
50.815865
29.739396
37.768527
34.757603
32.750320
26.728471
39.775810
20.706623
24.721189
20.706623
11.673850
30.743037
30.743037
27.732113
39.775810
41.783093
36.764886
26.728471
13.681133
44.794017
11.673850
19.702982
50.815865
19.702982
13.681133
29.739396
28.735754
20.706623
11.673850
41.783093
59.848638
13.681133
10.670209
56.837714
20.706623
35.761244
26.728471
22.713906
65.870486
21.710264
38.772168
29.739396
22.713906
16.692057
17.695699
26.728471
23.717547
47.804941
38.772168
29.739396
47.804941
17.695699
11.673850
10.670209
33.753961
12.677492
33.753961
35.761244
16.692057
48.808582
35.761244
39.775810
43.790375
22.713906
25.724830
50.815865
27.732113
21.710264
30.743037
14.684775
11.673850
50.815865
23.717547
10.670209
11.673850
10.670209
39.775810
38.772168
25.724830
39.775810
23.717547
26.728471
19.702982
17.695699
47.804941
47.804941
15.688416
28.735754
13.681133
7.659285
30.743037
38.772168
29.739396
29.739396
18.699340
26.728471
31.746678
13.681133
20.706623
15.688416
37.768527
33.753961
16.692057
17.695699
17.695699
33.753961
19.702982
31.746678
31.746678
33.753961
29.739396
13.681133
51.819507
11.673850
20.706623
36.764886
25.724830
34.757603
31.746678
21.710264
52.823148
48.808582
25.724830
39.775810
48.808582
55.834072
36.764886
21.710264
12.677492
17.695699
36.764886
36.764886
26.728471
16.692057
25.724830
26.728471
20.706623
33.753961
27.732113
37.768527
28.735754
20.706623
49.812224
46.801300
20.706623
25.724830
19.702982
33.753961
11.673850
25.724830
19.702982
35.761244
17.695699
28.735754
6.655643
34.757603
11.673850
20.706623
41.783093
17.695699
23.717547
48.808582
24.721189
12.677492
20.706623
45.797658
28.735754
51.819507
11.673850
11.673850
26.728471
23.717547
62.859562
55.834072
30.743037
25.724830
23.717547
59.848638
32.750320
34.757603
29.739396
33.753961
16.692057
31.746678
25.724830
14.684775
16.692057
22.713906
36.764886
31.746678
16.692057
16.692057
33.753961
10.670209
33.753961
11.673850
31.746678
19.702982
52.823148
23.717547
13.681133
65.870486
30.743037
12.677492
41.783093
35.761244
29.739396
35.761244
10.670209
21.710264
33.753961
33.753961
19.702982
22.713906
11.673850
28.735754
19.702982
29.739396
25.724830
28.735754
25.724830
15.688416
29.739396
55.834072
10.670209
22.713906
28.735754
52.823148
25.724830
23.717547
45.797658
39.775810
41.783093
33.753961
19.702982
41.783093
11.673850
33.753961
11.673850
63.863203
48.808582
20.706623
12.677492
17.695699
37.768527
29.739396
19.702982
39.775810
14.684775
24.721189
32.750320
51.819507
22.713906
38.772168
20.706623
10.670209
20.706623
63.863203
14.684775
28.735754
33.753961
21.710264
25.724830
36.764886
30.743037
27.732113
32.750320
20.706623
28.735754
47.804941
18.699340
14.684775
17.695699
25.724830
22.713906
16.692057
16.692057
30.743037
15.688416
31.746678
16.692057
25.724830
19.702982
10.670209
33.753961
18.699340
18.699340
45.797658
65.870486
64.866845
29.739396
20.706623
23.717547
23.717547
45.797658
23.717547
16.692057
56.837714
16.692057
16.692057
41.783093
38.772168
18.699340
25.724830
36.764886
28.735754
13.681133
51.819507
29.739396
50.815865
12.677492
39.775810
51.819507
20.706623
55.834072
39.775810
25.724830
51.819507
23.717547
22.713906
32.750320
16.692057
14.684775
14.684775
26.728471
25.724830
33.753961
45.797658
28.735754
39.775810
24.721189
39.775810
27.732113
26.728471
17.695699
32.750320
18.699340
48.808582
20.706623
20.706623
26.728471
16.692057
13.681133
14.684775
27.732113
36.764886
28.735754
16.692057
64.866845
37.768527
33.753961
6.655643
24.721189
18.699340
11.673850
26.728471
10.670209
11.673850
16.692057
31.746678
23.717547
51.819507
15.688416
20.706623
21.710264
29.739396
25.724830
47.804941
16.692057
17.695699
39.775810
34.757603
33.753961
20.706623
33.753961
45.797658
24.721189
65.870486
35.761244
47.804941
24.721189
18.699340
17.695699
65.870486
51.819507
23.717547
7.659285
30.743037
18.699340
31.746678
33.753961
51.819507
37.768527
45.797658
24.721189
14.684775
20.706623
23.717547
18.699340
19.702982
20.706623
33.753961
48.808582
25.724830
28.735754
41.783093
83.936032
24.721189
14.684775
32.750320
38.772168
47.804941
36.764886
55.834072
29.739396
34.757603
48.808582
19.702982
20.706623
18.699340
7.659285
22.713906
62.859562
15.688416
18.699340
21.710264
30.743037
29.739396
25.724830
38.772168
24.721189
31.746678
34.757603
22.713906
39.775810
64.866845
38.772168
20.706623
20.706623
14.684775
12.677492
33.753961
21.710264
24.721189
16.692057
23.717547
39.775810
16.692057
15.688416
39.775810
16.692057
19.702982
31.746678
33.753961
34.757603
35.761244
35.761244
25.724830
23.717547
25.724830
11.673850
30.743037
36.764886
10.670209
17.695699
23.717547
41.783093
28.735754
21.710264
18.699340
18.699340
12.677492
27.732113
47.804941
39.775810
33.753961
19.702982
44.794017
44.794017
21.710264
49.812224
13.681133
44.794017
14.684775
22.713906
27.732113
30.743037
27.732113
24.721189
21.710264
25.724830
35.761244
14.684775
20.706623
47.804941
29.739396
32.750320
34.757603
12.677492
35.761244
33.753961
30.743037
15.688416
11.673850
13.681133
51.819507
26.728471
30.743037
31.746678
15.688416
47.804941
27.732113
29.739396
22.713906
33.753961
26.728471
13.681133
18.699340
37.768527
29.739396
44.794017
38.772168
63.863203
28.735754
20.706623
35.761244
22.713906
33.753961
12.677492
39.775810
20.706623
49.812224
22.713906
43.790375
17.695699
11.673850
19.702982
16.692057
21.710264
29.739396
29.739396
45.797658
51.819507
17.695699
26.728471
48.808582
46.801300
42.786734
41.783093
26.728471
49.812224
51.819507
7.659285
14.684775
37.768527
52.823148
18.699340
35.761244
20.706623
55.834072
18.699340
28.735754
20.706623
26.728471
21.710264
44.794017
25.724830
24.721189
39.775810
12.677492
19.702982
21.710264
19.702982
29.739396
28.735754
18.699340
25.724830
41.783093
18.699340
49.812224
20.706623
22.713906
47.804941
44.794017
21.710264
16.692057
35.761244
37.768527
27.732113
35.761244
22.713906
51.819507
44.794017
41.783093
35.761244
29.739396
16.692057
50.815865
14.684775
16.692057
41.783093
24.721189
19.702982
64.866845
46.801300
41.783093
13.681133
28.735754
65.870486
23.717547
16.692057
33.753961
41.783093
39.775810
33.753961
12.677492
31.746678
12.677492
23.717547
23.717547
34.757603
11.673850
33.753961
34.757603
39.775810
16.692057
11.673850
28.735754
30.743037
25.724830
21.710264
15.688416
14.684775
41.783093
38.772168
25.724830
23.717547
24.721189
63.863203
35.761244
36.764886
19.702982
18.699340
12.677492
20.706623
35.761244
28.735754
16.692057
51.819507
23.717547
20.706623
20.706623
23.717547
30.743037
59.848638
38.772168
26.728471
37.768527
18.699340
35.761244
56.837714
52.823148
26.728471
16.692057
12.677492
12.677492
16.692057
16.692057
50.815865
24.721189
19.702982
28.735754
32.750320
83.936032
10.670209
11.673850
23.717547
13.681133
30.743037
33.753961
25.724830
35.761244
36.764886
30.743037
36.764886
35.761244
34.757603
16.692057
25.724830
20.706623
35.761244
13.681133
50.815865
23.717547
42.786734
43.790375
20.706623
27.732113
41.783093
32.750320
30.743037
28.735754
16.692057
29.739396
19.702982
17.695699
26.728471
25.724830
15.688416
22.713906
62.859562
30.743037
16.692057
33.753961
18.699340
24.721189
43.790375
56.837714
51.819507
16.692057
16.692057
42.786734
17.695699
32.750320
49.812224
17.695699
43.790375
18.699340
15.688416
36.764886
17.695699
28.735754
21.710264
22.713906
26.728471
24.721189
20.706623
33.753961
29.739396
14.684775
18.699340
40.779451
29.739396
14.684775
20.706623
45.797658
28.735754
33.753961
22.713906
48.808582
50.815865
23.717547
13.681133
22.713906
65.870486
25.724830
17.695699
16.692057
25.724830
25.724830
36.764886
32.750320
29.739396
24.721189
35.761244
19.702982
22.713906
41.783093
25.724830
28.735754
18.699340
29.739396
25.724830
18.699340
24.721189
17.695699
34.757603
20.706623
30.743037
19.702982
27.732113
33.753961
33.753961
18.699340
14.684775
38.772168
47.804941
26.728471
18.699340
18.699340
25.724830
32.750320
26.728471
25.724830
50.815865
11.673850
16.692057
33.753961
12.677492
47.804941
38.772168
25.724830
65.870486
17.695699
28.735754
11.673850
19.702982
38.772168
20.706623
23.717547
30.743037
21.710264
26.728471
15.688416
21.710264
35.761244
15.688416
37.768527
38.772168
62.859562
26.728471
33.753961
26.728471
20.706623
35.761244
11.673850
29.739396
32.750320
10.670209
20.706623
23.717547
40.779451
11.673850
24.721189
19.702982
47.804941
25.724830
31.746678
11.673850
17.695699
17.695699
24.721189
51.819507
29.739396
38.772168
38.772168
47.804941
11.673850
23.717547
25.724830
28.735754
51.819507
29.739396
29.739396
17.695699
18.699340
21.710264
14.684775
29.739396
33.753961
27.732113
7.659285
50.815865
38.772168
31.746678
47.804941
39.775810
44.794017
41.783093
20.706623
12.677492
45.797658
36.764886
20.706623
11.673850
39.775810
20.706623
21.710264
23.717547
50.815865
25.724830
44.794017
26.728471
21.710264
33.753961
17.695699
47.804941
39.775810
32.750320
13.681133
34.757603
20.706623
21.710264
33.753961
25.724830
42.786734
27.732113
26.728471
10.670209
18.699340
16.692057
16.692057
44.794017
37.768527
22.713906
32.750320
24.721189
23.717547
19.702982
45.797658
24.721189
25.724830
64.866845
14.684775
38.772168
42.786734
21.710264
25.724830
31.746678
45.797658
35.761244
25.724830
27.732113
25.724830
33.753961
22.713906
24.721189
47.804941
33.753961
21.710264
27.732113
47.804941
49.812224
29.739396
49.812224
41.783093
51.819507
35.761244
25.724830
20.706623
14.684775
24.721189
16.692057
31.746678
20.706623
11.673850
6.655643
47.804941
33.753961
20.706623
19.702982
21.710264
38.772168
26.728471
24.721189
62.859562
25.724830
20.706623
20.706623
44.794017
23.717547
24.721189
36.764886
14.684775
17.695699
16.692057
33.753961
22.713906
44.794017
20.706623
19.702982
18.699340
13.681133
39.775810
18.699340
41.783093
23.717547
11.673850
50.815865
38.772168
23.717547
43.790375
15.688416
25.724830
12.677492
29.739396
33.753961
23.717547
20.706623
25.724830
18.699340
16.692057
33.753961
45.797658
12.677492
33.753961
30.743037
30.743037
21.710264
28.735754
11.673850
23.717547
14.684775
16.692057
26.728471
30.743037
21.710264
30.743037
16.692057
43.790375
17.695699
41.783093
10.670209
28.735754
43.790375
12.677492
12.677492
35.761244
51.819507
47.804941
36.764886
25.724830
32.750320
11.673850
10.670209
33.753961
62.859562
23.717547
26.728471
64.866845
56.837714
19.702982
25.724830
33.753961
18.699340
16.692057
30.743037
21.710264
29.739396
48.808582
10.670209
44.794017
22.713906
12.677492
41.783093
27.732113
12.677492
48.808582
28.735754
33.753961
31.746678
37.768527
25.724830
30.743037
41.783093
11.673850
27.732113
11.673850
47.804941
34.757603
37.768527
13.681133
24.721189
45.797658
30.743037
46.801300
18.699340
25.724830
21.710264
22.713906
23.717547
29.739396
62.859562
41.783093
23.717547
35.761244
41.783093
13.681133
14.684775
12.677492
16.692057
35.761244
59.848638
18.699340
48.808582
27.732113
21.710264
12.677492
51.819507
29.739396
12.677492
19.702982
29.739396
25.724830
33.753961
29.739396
16.692057
51.819507
41.783093
24.721189
47.804941
38.772168
33.753961
15.688416
24.721189
56.837714
35.761244
24.721189
43.790375
28.735754
50.815865
20.706623
10.670209
39.775810
33.753961
25.724830
18.699340
11.673850
51.819507
26.728471
13.681133
26.728471
32.750320
24.721189
16.692057
11.673850
19.702982
36.764886
25.724830
25.724830
26.728471
24.721189
19.702982
23.717547
18.699340
17.695699
14.684775
32.750320
28.735754
25.724830
31.746678
34.757603
47.804941
16.692057
38.772168
24.721189
15.688416
26.728471
36.764886
50.815865
39.775810
44.794017
32.750320
19.702982
22.713906
30.743037
33.753961
27.732113
20.706623
24.721189
17.695699
19.702982
30.743037
33.753961
37.768527
50.815865
24.721189
16.692057
25.724830
14.684775
33.753961
21.710264
15.688416
32.750320
33.753961
26.728471
30.743037
50.815865
44.794017
24.721189
29.739396
33.753961
12.677492
51.819507
26.728471
21.710264
12.677492
23.717547
16.692057
32.750320
25.724830
28.735754
21.710264
22.713906
15.688416
47.804941
43.790375
19.702982
62.859562
48.808582
47.804941
32.750320
6.655643
19.702982
20.706623
41.783093
50.815865
20.706623
34.757603
47.804941
30.743037
29.739396
37.768527
41.783093
32.750320
20.706623
20.706623
62.859562
33.753961
26.728471
16.692057
21.710264
42.786734
21.710264
22.713906
41.783093
63.863203
12.677492
48.808582
11.673850
10.670209
20.706623
27.732113
22.713906
38.772168
20.706623
30.743037
32.750320
41.783093
22.713906
19.702982
26.728471
26.728471
20.706623
47.804941
31.746678
32.750320
26.728471
26.728471
26.728471
25.724830
26.728471
13.681133
12.677492
33.753961
30.743037
49.812224
39.775810
32.750320
32.750320
52.823148
28.735754
29.739396
25.724830
28.735754
30.743037
10.670209
32.750320
25.724830
25.724830
26.728471
22.713906
41.783093
16.692057
16.692057
48.808582
14.684775
16.692057
21.710264
33.753961
11.673850
48.808582
20.706623
30.743037
34.757603
17.695699
11.673850
33.753961
20.706623
27.732113
39.775810
44.794017
30.743037
25.724830
25.724830
65.870486
20.706623
23.717547
29.739396
56.837714
28.735754
30.743037
18.699340
37.768527
38.772168
26.728471
32.750320
30.743037
26.728471
50.815865
19.702982
14.684775
12.677492
23.717547
30.743037
25.724830
17.695699
12.677492
14.684775
18.699340
42.786734
17.695699
25.724830
25.724830
28.735754
65.870486
11.673850
41.783093
20.706623
29.739396
20.706623
14.684775
28.735754
27.732113
21.710264
31.746678
33.753961
26.728471
25.724830
49.812224
29.739396
21.710264
20.706623
32.750320
32.750320
48.808582
15.688416
25.724830
16.692057
22.713906
26.728471
22.713906
14.684775
47.804941
63.863203
25.724830
83.936032
28.735754
21.710264
20.706623
38.772168
21.710264
17.695699
25.724830
63.863203
47.804941
21.710264
13.681133
25.724830
45.797658
21.710264
22.713906
33.753961
29.739396
18.699340
38.772168
26.728471
83.936032
37.768527
24.721189
11.673850
11.673850
20.706623
25.724830
39.775810
23.717547
13.681133
28.735754
25.724830
30.743037
22.713906
12.677492
23.717547
10.670209
25.724830
25.724830
39.775810
28.735754
32.750320
22.713906
35.761244
35.761244
14.684775
35.761244
47.804941
29.739396
28.735754
38.772168
19.702982
15.688416
19.702982
41.783093
25.724830
38.772168
33.753961
44.794017
17.695699
26.728471
33.753961
38.772168
28.735754
25.724830
28.735754
33.753961
33.753961
10.670209
26.728471
28.735754
11.673850
49.812224
19.702982
43.790375
33.753961
33.753961
24.721189
29.739396
12.677492
59.848638
13.681133
36.764886
47.804941
21.710264
16.692057
23.717547
38.772168
24.721189
11.673850
16.692057
65.870486
65.870486
27.732113
32.750320
27.732113
32.750320
26.728471
29.739396
38.772168
19.702982
41.783093
28.735754
49.812224
11.673850
33.753961
33.753961
26.728471
35.761244
22.713906
18.699340
50.815865
11.673850
44.794017
30.743037
10.670209
15.688416
44.794017
20.706623
18.699340
23.717547
25.724830
28.735754
33.753961
29.739396
56.837714
15.688416
19.702982
23.717547
33.753961
33.753961
26.728471
18.699340
35.761244
33.753961
19.702982
65.870486
32.750320
35.761244
20.706623
32.750320
38.772168
22.713906
34.757603
23.717547
48.808582
23.717547
41.783093
18.699340
10.670209
20.706623
31.746678
19.702982
26.728471
13.681133
44.794017
36.764886
48.808582
44.794017
18.699340
21.710264
32.750320
23.717547
31.746678
22.713906
45.797658
55.834072
13.681133
28.735754
47.804941
83.936032
24.721189
16.692057
29.739396
28.735754
20.706623
15.688416
33.753961
18.699340
29.739396
10.670209
48.808582
7.659285
13.681133
17.695699
28.735754
29.739396
23.717547
50.815865
39.775810
14.684775
11.673850
39.775810
43.790375
25.724830
49.812224
28.735754
33.753961
55.834072
32.750320
35.761244
51.819507
26.728471
19.702982
39.775810
36.764886
20.706623
55.834072
19.702982
31.746678
47.804941
33.753961
16.692057
13.681133
12.677492
24.721189
41.783093
12.677492
44.794017
41.783093
37.768527
28.735754
49.812224
50.815865
34.757603
27.732113
11.673850
12.677492
25.724830
44.794017
25.724830
65.870486
32.750320
43.790375
25.724830
35.761244
17.695699
63.863203
38.772168
19.702982
27.732113
38.772168
25.724830
13.681133
23.717547
40.779451
33.753961
17.695699
38.772168
33.753961
23.717547
29.739396
44.794017
37.768527
32.750320
49.812224
21.710264
11.673850
65.870486
30.743037
6.655643
14.684775
14.684775
48.808582
38.772168
18.699340
28.735754
12.677492
34.757603
18.699340
34.757603
27.732113
18.699340
25.724830
47.804941
39.775810
16.692057
16.692057
23.717547
38.772168
15.688416
41.783093
19.702982
35.761244
19.702982
35.761244
16.692057
23.717547
20.706623
20.706623
83.936032
26.728471
27.732113
36.764886
41.783093
29.739396
32.750320
27.732113
48.808582
35.761244
12.677492
28.735754
27.732113
35.761244
16.692057
64.866845
25.724830
22.713906
19.702982
29.739396
25.724830
13.681133
17.695699
24.721189
7.659285
26.728471
37.768527
16.692057
15.688416
29.739396
25.724830
50.815865
19.702982
25.724830
35.761244
26.728471
28.735754
28.735754
17.695699
28.735754
64.866845
28.735754
15.688416
34.757603
25.724830
18.699340
25.724830
26.728471
22.713906
23.717547
35.761244
47.804941
33.753961
11.673850
34.757603
11.673850
35.761244
24.721189
30.743037
22.713906
29.739396
16.692057
25.724830
20.706623
26.728471
32.750320
23.717547
14.684775
26.728471
13.681133
38.772168
16.692057
44.794017
34.757603
10.670209
25.724830
22.713906
43.790375
47.804941
32.750320
65.870486
24.721189
20.706623
51.819507
26.728471
21.710264
20.706623
32.750320
28.735754
19.702982
14.684775
24.721189
7.659285
38.772168
20.706623
44.794017
14.684775
29.739396
49.812224
19.702982
29.739396
12.677492
20.706623
29.739396
38.772168
16.692057
20.706623
56.837714
51.819507
30.743037
14.684775
16.692057
32.750320
49.812224
32.750320
55.834072
10.670209
50.815865
21.710264
30.743037
25.724830
47.804941
62.859562
20.706623
29.739396
35.761244
28.735754
18.699340
19.702982
63.863203
14.684775
33.753961
44.794017
33.753961
11.673850
49.812224
14.684775
31.746678
28.735754
30.743037
29.739396
32.750320
43.790375
44.794017
29.739396
25.724830
19.702982
15.688416
27.732113
39.775810
28.735754
29.739396
31.746678
14.684775
23.717547
17.695699
43.790375
35.761244
18.699340
10.670209
13.681133
29.739396
28.735754
26.728471
24.721189
29.739396
20.706623
19.702982
27.732113
29.739396
28.735754
51.819507
28.735754
20.706623
35.761244
30.743037
53.826789
26.728471
39.775810
38.772168
36.764886
47.804941
14.684775
26.728471
35.761244
17.695699
23.717547
16.692057
22.713906
47.804941
17.695699
25.724830
20.706623
23.717547
33.753961
19.702982
31.746678
32.750320
16.692057
10.670209
24.721189
26.728471
47.804941
37.768527
16.692057
41.783093
20.706623
19.702982
20.706623
11.673850
53.826789
33.753961
51.819507
36.764886
33.753961
24.721189
21.710264
25.724830
20.706623
40.779451
28.735754
33.753961
26.728471
18.699340
10.670209
21.710264
39.775810
32.750320
18.699340
25.724830
32.750320
11.673850
24.721189
14.684775
26.728471
39.775810
20.706623
11.673850
39.775810
24.721189
20.706623
20.706623
35.761244
7.659285
16.692057
12.677492
25.724830
25.724830
23.717547
19.702982
25.724830
25.724830
12.677492
10.670209
12.677492
51.819507
29.739396
38.772168
26.728471
38.772168
25.724830
16.692057
22.713906
23.717547
18.699340
15.688416
24.721189
25.724830
32.750320
52.823148
25.724830
47.804941
37.768527
7.659285
50.815865
20.706623
33.753961
26.728471
18.699340
62.859562
32.750320
83.936032
40.779451
16.692057
26.728471
20.706623
7.659285
20.706623
62.859562
6.655643
14.684775
15.688416
33.753961
25.724830
26.728471
45.797658
32.750320
31.746678
18.699340
25.724830
22.713906
16.692057
6.655643
29.739396
18.699340
25.724830
42.786734
62.859562
15.688416
26.728471
41.783093
29.739396
36.764886
38.772168
7.659285
32.750320
10.670209
34.757603
39.775810
19.702982
36.764886
19.702982
43.790375
32.750320
20.706623
16.692057
11.673850
11.673850
26.728471
50.815865
29.739396
51.819507
21.710264
25.724830
44.794017
41.783093
23.717547
29.739396
21.710264
16.692057
12.677492
18.699340
12.677492
63.863203
20.706623
49.812224
41.783093
34.757603
30.743037
21.710264
32.750320
38.772168
17.695699
32.750320
44.794017
20.706623
10.670209
50.815865
14.684775
25.724830
36.764886
14.684775
20.706623
50.815865
35.761244
25.724830
29.739396
20.706623
30.743037
18.699340
16.692057
28.735754
47.804941
35.761244
11.673850
26.728471
30.743037
35.761244
51.819507
26.728471
11.673850
26.728471
83.936032
47.804941
7.659285
35.761244
36.764886
25.724830
16.692057
24.721189
15.688416
27.732113
55.834072
35.761244
56.837714
28.735754
20.706623
22.713906
39.775810
52.823148
35.761244
10.670209
22.713906
47.804941
15.688416
16.692057
7.659285
35.761244
28.735754
38.772168
55.834072
39.775810
63.863203
33.753961
25.724830
51.819507
25.724830
25.724830
13.681133
62.859562
7.659285
19.702982
13.681133
19.702982
38.772168
19.702982
19.702982
41.783093
33.753961
14.684775
6.655643
33.753961
25.724830
25.724830
19.702982
25.724830
48.808582
30.743037
16.692057
53.826789
24.721189
51.819507
14.684775
24.721189
6.655643
16.692057
63.863203
28.735754
23.717547
24.721189
25.724830
25.724830
6.655643
24.721189
36.764886
25.724830
20.706623
20.706623
33.753961
19.702982
44.794017
48.808582
20.706623
21.710264
21.710264
7.659285
20.706623
27.732113
47.804941
47.804941
23.717547
25.724830
21.710264
23.717547
17.695699
29.739396
20.706623
13.681133
21.710264
53.826789
18.699340
65.870486
38.772168
24.721189
24.721189
36.764886
22.713906
48.808582
24.721189
19.702982
11.673850
50.815865
32.750320
15.688416
42.786734
21.710264
18.699340
29.739396
22.713906
44.794017
26.728471
33.753961
26.728471
34.757603
20.706623
27.732113
21.710264
50.815865
25.724830
39.775810
24.721189
23.717547
25.724830
12.677492
30.743037
23.717547
49.812224
18.699340
32.750320
19.702982
23.717547
30.743037
12.677492
41.783093
47.804941
18.699340
22.713906
29.739396
18.699340
34.757603
10.670209
16.692057
19.702982
47.804941
28.735754
20.706623
25.724830
30.743037
25.724830
25.724830
49.812224
29.739396
25.724830
25.724830
19.702982
16.692057
32.750320
25.724830
16.692057
35.761244
25.724830
10.670209
16.692057
22.713906
19.702982
45.797658
45.797658
12.677492
33.753961
21.710264
25.724830
29.739396
24.721189
33.753961
18.699340
16.692057
33.753961
19.702982
10.670209
24.721189
25.724830
26.728471
18.699340
27.732113
26.728471
10.670209
13.681133
35.761244
44.794017
16.692057
30.743037
29.739396
32.750320
15.688416
25.724830
18.699340
23.717547
35.761244
18.699340
25.724830
22.713906
16.692057
19.702982
25.724830
25.724830
47.804941
25.724830
39.775810
30.743037
24.721189
59.848638
25.724830
11.673850
19.702982
29.739396
33.753961
47.804941
19.702982
53.826789
41.783093
18.699340
33.753961
10.670209
26.728471
51.819507
35.761244
43.790375
25.724830
16.692057
44.794017
38.772168
38.772168
32.750320
34.757603
12.677492
18.699340
16.692057
41.783093
18.699340
10.670209
33.753961
21.710264
41.783093
29.739396
28.735754
24.721189
11.673850
28.735754
21.710264
23.717547
21.710264
12.677492
46.801300
