21.875225
18.792784
15.710343
27.012627
23.930186
17.765304
27.012627
13.655382
12.627902
21.875225
21.875225
18.792784
18.792784
15.710343
14.682863
31.122549
20.847745
21.875225
9.545461
16.737823
6.463020
21.875225
27.012627
9.545461
33.177509
23.930186
24.957666
17.765304
22.902706
15.710343
12.627902
11.600422
24.957666
18.792784
9.545461
13.655382
20.847745
28.040108
13.655382
19.820265
37.287431
10.572941
31.122549
10.572941
24.957666
33.177509
13.655382
8.517980
24.957666
20.847745
20.847745
15.710343
24.957666
27.012627
16.737823
22.902706
31.122549
15.710343
22.902706
25.985147
21.875225
21.875225
11.600422
13.655382
22.902706
37.287431
16.737823
13.655382
12.627902
11.600422
20.847745
17.765304
20.847745
14.682863
17.765304
35.232470
24.957666
13.655382
15.710343
25.985147
15.710343
20.847745
20.847745
9.545461
14.682863
18.792784
16.737823
23.930186
31.122549
18.792784
19.820265
13.655382
18.792784
11.600422
13.655382
14.682863
33.177509
21.875225
14.682863
16.737823
16.737823
27.012627
17.765304
18.792784
35.232470
27.012627
35.232470
25.985147
18.792784
15.710343
15.710343
20.847745
33.177509
20.847745
20.847745
23.930186
12.627902
28.040108
16.737823
20.847745
13.655382
6.463020
20.847745
23.930186
21.875225
21.875225
18.792784
23.930186
17.765304
25.985147
5.435539
19.820265
24.957666
20.847745
21.875225
19.820265
25.985147
12.627902
18.792784
16.737823
6.463020
21.875225
17.765304
15.710343
12.627902
15.710343
11.600422
23.930186
18.792784
18.792784
35.232470
20.847745
21.875225
23.930186
19.820265
20.847745
11.600422
17.765304
10.572941
23.930186
24.957666
19.820265
13.655382
11.600422
28.040108
19.820265
11.600422
23.930186
10.572941
33.177509
19.820265
21.875225
23.930186
23.930186
13.655382
35.232470
12.627902
23.930186
18.792784
17.765304
21.875225
18.792784
18.792784
8.517980
10.572941
14.682863
16.737823
9.545461
16.737823
17.765304
13.655382
16.737823
18.792784
21.875225
18.792784
32.150029
15.710343
12.627902
13.655382
23.930186
15.710343
15.710343
27.012627
13.655382
13.655382
22.902706
11.600422
19.820265
23.930186
18.792784
29.067588
18.792784
23.930186
23.930186
20.847745
18.792784
17.765304
18.792784
17.765304
27.012627
15.710343
20.847745
28.040108
21.875225
13.655382
5.435539
10.572941
37.287431
18.792784
20.847745
9.545461
32.150029
13.655382
28.040108
17.765304
21.875225
8.517980
23.930186
33.177509
16.737823
33.177509
25.985147
15.710343
21.875225
13.655382
21.875225
18.792784
28.040108
20.847745
19.820265
20.847745
31.122549
17.765304
27.012627
13.655382
23.930186
20.847745
15.710343
23.930186
25.985147
17.765304
17.765304
13.655382
22.902706
25.985147
21.875225
13.655382
10.572941
22.902706
21.875225
31.122549
31.122549
23.930186
19.820265
15.710343
13.655382
23.930186
18.792784
22.902706
24.957666
17.765304
32.150029
18.792784
16.737823
13.655382
21.875225
20.847745
15.710343
6.463020
12.627902
20.847745
24.957666
8.517980
13.655382
13.655382
23.930186
17.765304
18.792784
18.792784
21.875225
12.627902
17.765304
31.122549
14.682863
22.902706
12.627902
22.902706
21.875225
16.737823
17.765304
21.875225
21.875225
20.847745
13.655382
37.287431
11.600422
8.517980
18.792784
31.122549
21.875225
28.040108
32.150029
18.792784
21.875225
17.765304
29.067588
18.792784
16.737823
31.122549
15.710343
17.765304
27.012627
14.682863
21.875225
12.627902
21.875225
15.710343
19.820265
23.930186
22.902706
15.710343
13.655382
15.710343
13.655382
23.930186
12.627902
11.600422
17.765304
11.600422
31.122549
16.737823
21.875225
23.930186
22.902706
9.545461
18.792784
29.067588
23.930186
6.463020
14.682863
23.930186
18.792784
25.985147
21.875225
37.287431
11.600422
15.710343
6.463020
13.655382
13.655382
11.600422
18.792784
15.710343
19.820265
11.600422
17.765304
39.342392
11.600422
18.792784
24.957666
13.655382
22.902706
27.012627
16.737823
10.572941
19.820265
22.902706
22.902706
12.627902
19.820265
39.342392
24.957666
11.600422
12.627902
21.875225
20.847745
14.682863
17.765304
16.737823
9.545461
21.875225
17.765304
19.820265
22.902706
17.765304
35.232470
24.957666
15.710343
24.957666
21.875225
16.737823
16.737823
18.792784
19.820265
21.875225
16.737823
16.737823
18.792784
33.177509
18.792784
14.682863
5.435539
23.930186
18.792784
14.682863
18.792784
15.710343
22.902706
17.765304
11.600422
28.040108
14.682863
18.792784
17.765304
25.985147
12.627902
15.710343
16.737823
25.985147
17.765304
23.930186
21.875225
15.710343
17.765304
18.792784
20.847745
18.792784
31.122549
27.012627
17.765304
18.792784
12.627902
18.792784
11.600422
25.985147
24.957666
25.985147
13.655382
6.463020
15.710343
5.435539
11.600422
21.875225
17.765304
7.490500
13.655382
8.517980
25.985147
31.122549
13.655382
11.600422
14.682863
16.737823
18.792784
21.875225
23.930186
39.342392
19.820265
35.232470
20.847745
20.847745
23.930186
21.875225
12.627902
12.627902
18.792784
18.792784
10.572941
21.875225
17.765304
16.737823
19.820265
18.792784
15.710343
23.930186
12.627902
21.875225
25.985147
17.765304
39.342392
18.792784
22.902706
17.765304
18.792784
13.655382
16.737823
28.040108
18.792784
31.122549
15.710343
11.600422
19.820265
17.765304
18.792784
18.792784
21.875225
28.040108
32.150029
25.985147
22.902706
28.040108
22.902706
21.875225
9.545461
28.040108
22.902706
18.792784
32.150029
24.957666
18.792784
22.902706
13.655382
23.930186
6.463020
21.875225
25.985147
18.792784
33.177509
18.792784
21.875225
25.985147
22.902706
10.572941
6.463020
14.682863
8.517980
10.572941
23.930186
15.710343
39.342392
28.040108
18.792784
18.792784
18.792784
19.820265
7.490500
22.902706
31.122549
21.875225
23.930186
14.682863
33.177509
18.792784
16.737823
27.012627
14.682863
13.655382
21.875225
27.012627
16.737823
18.792784
20.847745
31.122549
9.545461
33.177509
9.545461
20.847745
18.792784
16.737823
15.710343
17.765304
12.627902
31.122549
12.627902
17.765304
18.792784
20.847745
21.875225
19.820265
24.957666
20.847745
21.875225
20.847745
20.847745
20.847745
20.847745
13.655382
11.600422
5.435539
17.765304
18.792784
13.655382
13.655382
21.875225
23.930186
13.655382
20.847745
24.957666
28.040108
20.847745
18.792784
13.655382
21.875225
6.463020
18.792784
6.463020
12.627902
25.985147
28.040108
16.737823
18.792784
18.792784
32.150029
12.627902
10.572941
13.655382
21.875225
19.820265
28.040108
13.655382
11.600422
23.930186
23.930186
16.737823
35.232470
18.792784
16.737823
28.040108
5.435539
22.902706
27.012627
15.710343
15.710343
17.765304
17.765304
22.902706
31.122549
21.875225
13.655382
18.792784
18.792784
19.820265
21.875225
13.655382
11.600422
21.875225
6.463020
17.765304
23.930186
23.930186
16.737823
17.765304
12.627902
17.765304
15.710343
13.655382
17.765304
25.985147
11.600422
27.012627
25.985147
15.710343
16.737823
24.957666
6.463020
9.545461
23.930186
15.710343
25.985147
21.875225
27.012627
9.545461
13.655382
22.902706
8.517980
14.682863
32.150029
16.737823
27.012627
23.930186
13.655382
13.655382
22.902706
11.600422
29.067588
18.792784
21.875225
16.737823
17.765304
13.655382
19.820265
21.875225
13.655382
9.545461
24.957666
21.875225
25.985147
17.765304
12.627902
6.463020
23.930186
14.682863
21.875225
17.765304
13.655382
15.710343
29.067588
21.875225
33.177509
12.627902
24.957666
31.122549
16.737823
11.600422
16.737823
37.287431
6.463020
18.792784
21.875225
24.957666
11.600422
18.792784
31.122549
22.902706
11.600422
18.792784
27.012627
25.985147
6.463020
6.463020
20.847745
21.875225
22.902706
12.627902
12.627902
17.765304
29.067588
14.682863
10.572941
23.930186
16.737823
28.040108
13.655382
14.682863
5.435539
23.930186
9.545461
7.490500
24.957666
17.765304
24.957666
16.737823
24.957666
22.902706
18.792784
31.122549
6.463020
18.792784
23.930186
14.682863
13.655382
22.902706
18.792784
18.792784
20.847745
11.600422
13.655382
18.792784
20.847745
23.930186
20.847745
16.737823
12.627902
28.040108
21.875225
10.572941
16.737823
18.792784
24.957666
23.930186
24.957666
15.710343
17.765304
12.627902
12.627902
20.847745
31.122549
28.040108
19.820265
25.985147
12.627902
19.820265
13.655382
16.737823
17.765304
14.682863
32.150029
20.847745
18.792784
18.792784
8.517980
33.177509
33.177509
23.930186
28.040108
8.517980
22.902706
23.930186
21.875225
22.902706
15.710343
29.067588
21.875225
27.012627
6.463020
15.710343
13.655382
23.930186
14.682863
29.067588
13.655382
21.875225
18.792784
24.957666
23.930186
15.710343
21.875225
11.600422
24.957666
35.232470
16.737823
16.737823
23.930186
23.930186
23.930186
18.792784
21.875225
5.435539
12.627902
17.765304
28.040108
13.655382
16.737823
23.930186
22.902706
23.930186
20.847745
22.902706
17.765304
20.847745
13.655382
24.957666
15.710343
14.682863
16.737823
25.985147
10.572941
12.627902
9.545461
13.655382
19.820265
13.655382
16.737823
11.600422
33.177509
17.765304
13.655382
24.957666
13.655382
32.150029
11.600422
16.737823
12.627902
21.875225
10.572941
21.875225
20.847745
24.957666
11.600422
18.792784
23.930186
23.930186
13.655382
16.737823
18.792784
13.655382
27.012627
17.765304
21.875225
31.122549
13.655382
39.342392
18.792784
32.150029
13.655382
11.600422
17.765304
33.177509
21.875225
23.930186
18.792784
23.930186
15.710343
12.627902
18.792784
23.930186
27.012627
19.820265
11.600422
15.710343
18.792784
12.627902
12.627902
11.600422
17.765304
17.765304
13.655382
31.122549
21.875225
11.600422
14.682863
12.627902
6.463020
31.122549
15.710343
22.902706
14.682863
20.847745
19.820265
18.792784
17.765304
24.957666
12.627902
23.930186
23.930186
25.985147
31.122549
18.792784
16.737823
23.930186
17.765304
11.600422
20.847745
21.875225
24.957666
14.682863
33.177509
27.012627
12.627902
13.655382
27.012627
20.847745
18.792784
19.820265
12.627902
15.710343
29.067588
17.765304
23.930186
13.655382
12.627902
16.737823
18.792784
17.765304
11.600422
11.600422
32.150029
20.847745
19.820265
16.737823
31.122549
14.682863
14.682863
15.710343
19.820265
21.875225
13.655382
17.765304
12.627902
23.930186
12.627902
15.710343
6.463020
23.930186
12.627902
23.930186
27.012627
16.737823
18.792784
9.545461
16.737823
20.847745
21.875225
21.875225
31.122549
12.627902
16.737823
18.792784
16.737823
9.545461
23.930186
28.040108
15.710343
18.792784
33.177509
18.792784
23.930186
20.847745
23.930186
17.765304
27.012627
11.600422
21.875225
20.847745
14.682863
14.682863
20.847745
28.040108
6.463020
17.765304
11.600422
5.435539
32.150029
25.985147
6.463020
23.930186
20.847745
22.902706
15.710343
33.177509
12.627902
16.737823
19.820265
20.847745
19.820265
12.627902
14.682863
18.792784
20.847745
13.655382
21.875225
20.847745
17.765304
20.847745
18.792784
5.435539
6.463020
21.875225
14.682863
21.875225
21.875225
24.957666
17.765304
13.655382
20.847745
22.902706
20.847745
20.847745
28.040108
31.122549
21.875225
15.710343
35.232470
16.737823
13.655382
32.150029
18.792784
23.930186
11.600422
25.985147
18.792784
25.985147
18.792784
27.012627
21.875225
17.765304
18.792784
18.792784
20.847745
13.655382
37.287431
20.847745
18.792784
14.682863
22.902706
21.875225
22.902706
18.792784
21.875225
21.875225
21.875225
24.957666
18.792784
21.875225
14.682863
18.792784
20.847745
13.655382
12.627902
17.765304
32.150029
20.847745
39.342392
12.627902
6.463020
15.710343
16.737823
32.150029
32.150029
16.737823
24.957666
23.930186
15.710343
21.875225
13.655382
21.875225
12.627902
15.710343
17.765304
23.930186
17.765304
21.875225
23.930186
23.930186
18.792784
15.710343
11.600422
18.792784
18.792784
9.545461
9.545461
31.122549
16.737823
18.792784
24.957666
9.545461
18.792784
28.040108
6.463020
21.875225
17.765304
20.847745
25.985147
23.930186
16.737823
15.710343
11.600422
20.847745
23.930186
18.792784
16.737823
11.600422
20.847745
15.710343
24.957666
9.545461
22.902706
20.847745
17.765304
16.737823
20.847745
18.792784
13.655382
25.985147
21.875225
21.875225
28.040108
17.765304
11.600422
25.985147
22.902706
27.012627
21.875225
21.875225
21.875225
24.957666
15.710343
13.655382
22.902706
7.490500
14.682863
39.342392
24.957666
24.957666
15.710343
33.177509
21.875225
20.847745
13.655382
17.765304
13.655382
17.765304
21.875225
17.765304
13.655382
25.985147
24.957666
25.985147
8.517980
11.600422
21.875225
17.765304
22.902706
20.847745
17.765304
18.792784
23.930186
13.655382
20.847745
18.792784
17.765304
23.930186
9.545461
21.875225
16.737823
22.902706
13.655382
18.792784
13.655382
21.875225
20.847745
14.682863
33.177509
22.902706
17.765304
12.627902
20.847745
18.792784
20.847745
33.177509
23.930186
23.930186
13.655382
20.847745
25.985147
24.957666
19.820265
14.682863
13.655382
13.655382
18.792784
18.792784
17.765304
18.792784
15.710343
23.930186
21.875225
15.710343
23.930186
18.792784
23.930186
13.655382
31.122549
18.792784
18.792784
11.600422
18.792784
12.627902
13.655382
17.765304
18.792784
12.627902
20.847745
9.545461
21.875225
18.792784
11.600422
21.875225
13.655382
24.957666
13.655382
11.600422
28.040108
21.875225
23.930186
18.792784
7.490500
23.930186
17.765304
10.572941
21.875225
25.985147
11.600422
20.847745
20.847745
24.957666
20.847745
12.627902
15.710343
12.627902
21.875225
21.875225
17.765304
22.902706
11.600422
16.737823
11.600422
20.847745
32.150029
12.627902
16.737823
14.682863
18.792784
18.792784
29.067588
20.847745
28.040108
13.655382
22.902706
14.682863
27.012627
33.177509
10.572941
22.902706
20.847745
17.765304
11.600422
25.985147
18.792784
17.765304
21.875225
10.572941
17.765304
8.517980
22.902706
18.792784
28.040108
24.957666
28.040108
24.957666
27.012627
31.122549
18.792784
33.177509
12.627902
17.765304
8.517980
21.875225
12.627902
8.517980
20.847745
22.902706
37.287431
16.737823
37.287431
17.765304
16.737823
21.875225
12.627902
18.792784
28.040108
14.682863
17.765304
25.985147
24.957666
20.847745
28.040108
20.847745
11.600422
20.847745
9.545461
15.710343
20.847745
12.627902
13.655382
31.122549
12.627902
20.847745
25.985147
17.765304
28.040108
18.792784
23.930186
13.655382
27.012627
20.847745
22.902706
18.792784
23.930186
12.627902
