2
8
7
7
3
4
4
3
7
5
11
3
7
11
7
5
10
4
6
8
14
6
3
6
9
7
7
9
5
8
5
11
9
6
8
4
6
10
8
5
7
3
9
5
10
14
6
6
7
5
9
5
7
6
4
3
10
7
10
8
6
8
5
9
7
12
3
4
4
8
6
13
2
5
8
8
8
7
6
6
6
15
8
10
10
11
6
4
3
10
8
5
6
9
3
5
5
10
4
6
5
7
8
11
5
9
9
7
8
6
3
6
6
4
5
13
5
7
6
6
8
11
5
4
9
6
10
4
5
19
5
13
13
8
16
6
7
8
5
16
8
11
4
3
3
3
7
13
6
8
7
7
5
7
6
13
5
5
5
9
8
3
8
8
12
6
10
2
6
15
16
7
4
6
6
9
5
7
6
13
3
13
8
9
9
13
2
5
4
11
11
11
6
13
5
6
3
5
5
7
8
9
13
3
2
3
9
7
6
13
15
9
10
8
3
12
3
14
14
7
10
6
9
13
2
5
7
8
8
8
10
4
5
6
8
3
10
7
4
8
5
11
7
12
8
10
8
9
4
8
8
14
6
6
9
5
6
5
2
4
12
10
2
7
8
8
13
16
12
8
5
7
8
7
5
5
9
6
3
9
6
2
3
13
5
3
14
10
5
4
3
10
3
7
11
10
8
9
9
8
7
3
4
6
6
5
13
9
14
7
9
13
11
7
6
6
6
4
9
9
14
7
14
3
10
10
8
6
9
7
10
2
5
10
7
9
4
8
10
5
5
4
5
6
10
6
8
7
7
3
9
6
6
9
11
7
13
5
3
12
7
7
6
6
9
6
4
14
7
10
8
11
8
4
4
10
3
13
13
6
8
5
4
11
13
10
7
11
2
5
6
13
13
5
2
5
4
7
14
8
22
5
7
9
11
10
17
3
19
7
8
8
9
6
9
8
5
6
9
5
7
6
6
4
3
7
8
5
6
7
3
7
4
9
13
13
16
6
7
11
8
6
2
6
6
9
9
4
6
6
12
10
4
3
14
10
10
11
5
3
14
9
6
8
13
5
8
7
8
4
8
7
2
15
4
12
9
5
7
10
8
9
5
6
5
6
9
2
15
7
10
10
8
6
7
6
6
9
7
7
3
11
12
15
7
15
5
11
4
6
9
10
4
8
7
5
4
4
7
8
7
5
5
10
9
9
12
10
2
3
7
15
10
11
4
10
3
2
4
10
13
8
7
7
4
7
4
7
8
13
7
9
3
5
7
3
13
8
6
8
3
7
3
4
4
19
7
6
5
9
8
4
4
13
15
12
16
2
3
8
13
2
9
4
5
4
5
7
14
3
14
8
4
5
11
6
6
12
13
6
6
4
5
8
2
3
5
6
5
7
6
10
8
7
4
9
8
3
7
7
5
9
6
4
11
3
5
10
16
9
6
4
10
4
6
2
9
4
5
8
5
10
5
11
9
10
6
4
14
11
9
5
10
5
3
2
14
6
3
11
8
7
3
6
8
3
10
11
16
4
6
12
4
