19.868584
13.938088
18.880168
30.741159
16.903336
30.741159
17.891752
11.961257
31.729575
22.833832
11.961257
34.694823
19.868584
29.752743
9.984425
19.868584
34.694823
22.833832
15.914920
17.891752
12.949673
26.787495
20.857000
31.729575
13.938088
18.880168
34.694823
15.914920
18.880168
19.868584
12.949673
12.949673
9.984425
9.984425
19.868584
23.822248
12.949673
8.007593
24.810664
8.007593
12.949673
23.822248
31.729575
13.938088
28.764327
15.914920
20.857000
12.949673
34.694823
30.741159
14.926504
31.729575
19.868584
25.799080
18.880168
19.868584
23.822248
31.729575
12.949673
9.984425
15.914920
21.845416
13.938088
34.694823
19.868584
15.914920
21.845416
28.764327
13.938088
11.961257
18.880168
16.903336
19.868584
30.741159
26.787495
22.833832
19.868584
15.914920
19.868584
16.903336
15.914920
13.938088
11.961257
23.822248
14.926504
28.764327
15.914920
36.671655
11.961257
16.903336
17.891752
21.845416
8.996009
19.868584
25.799080
17.891752
17.891752
15.914920
15.914920
9.984425
37.660071
26.787495
26.787495
18.880168
17.891752
15.914920
14.926504
29.752743
22.833832
16.903336
19.868584
19.868584
11.961257
11.961257
9.984425
31.729575
14.926504
19.868584
19.868584
15.914920
37.660071
38.648487
18.880168
22.833832
24.810664
27.775911
12.949673
41.613734
29.752743
26.787495
27.775911
8.007593
16.903336
23.822248
12.949673
16.903336
18.880168
22.833832
16.903336
12.949673
18.880168
18.880168
41.613734
16.903336
21.845416
19.868584
19.868584
23.822248
19.868584
24.810664
17.891752
15.914920
15.914920
13.938088
13.938088
36.671655
26.787495
8.007593
10.972841
16.903336
16.903336
17.891752
18.880168
12.949673
20.857000
41.613734
31.729575
41.613734
37.660071
20.857000
30.741159
22.833832
15.914920
32.717991
23.822248
16.903336
24.810664
8.996009
11.961257
18.880168
16.903336
17.891752
30.741159
13.938088
30.741159
15.914920
30.741159
15.914920
17.891752
20.857000
15.914920
14.926504
41.613734
23.822248
28.764327
9.984425
12.949673
12.949673
15.914920
11.961257
12.949673
8.996009
18.880168
19.868584
16.903336
14.926504
19.868584
28.764327
19.868584
16.903336
17.891752
16.903336
23.822248
13.938088
12.949673
26.787495
16.903336
23.822248
16.903336
14.926504
17.891752
14.926504
13.938088
17.891752
15.914920
8.007593
15.914920
18.880168
17.891752
12.949673
20.857000
12.949673
9.984425
37.660071
19.868584
14.926504
13.938088
16.903336
12.949673
18.880168
18.880168
26.787495
12.949673
23.822248
10.972841
11.961257
27.775911
24.810664
14.926504
18.880168
14.926504
21.845416
11.961257
18.880168
17.891752
31.729575
20.857000
31.729575
23.822248
18.880168
14.926504
23.822248
23.822248
15.914920
19.868584
21.845416
12.949673
12.949673
11.961257
19.868584
27.775911
14.926504
21.845416
23.822248
23.822248
9.984425
8.007593
36.671655
13.938088
10.972841
27.775911
15.914920
18.880168
18.880168
14.926504
15.914920
12.949673
19.868584
12.949673
15.914920
27.775911
22.833832
34.694823
11.961257
11.961257
17.891752
26.787495
13.938088
12.949673
15.914920
15.914920
12.949673
26.787495
15.914920
9.984425
24.810664
38.648487
17.891752
22.833832
16.903336
18.880168
8.996009
13.938088
22.833832
11.961257
26.787495
9.984425
12.949673
18.880168
32.717991
18.880168
11.961257
37.660071
22.833832
9.984425
15.914920
23.822248
23.822248
19.868584
9.984425
13.938088
30.741159
20.857000
23.822248
29.752743
11.961257
8.996009
10.972841
20.857000
12.949673
9.984425
16.903336
13.938088
27.775911
22.833832
17.891752
12.949673
10.972841
10.972841
36.671655
28.764327
12.949673
17.891752
34.694823
13.938088
23.822248
20.857000
34.694823
18.880168
17.891752
13.938088
29.752743
12.949673
37.660071
11.961257
12.949673
20.857000
19.868584
10.972841
26.787495
16.903336
23.822248
10.972841
17.891752
17.891752
15.914920
22.833832
18.880168
17.891752
25.799080
19.868584
32.717991
9.984425
22.833832
15.914920
25.799080
14.926504
23.822248
14.926504
26.787495
15.914920
9.984425
13.938088
15.914920
28.764327
18.880168
8.007593
22.833832
13.938088
27.775911
15.914920
9.984425
9.984425
9.984425
13.938088
19.868584
22.833832
26.787495
19.868584
34.694823
31.729575
18.880168
27.775911
21.845416
30.741159
30.741159
12.949673
13.938088
36.671655
14.926504
32.717991
12.949673
29.752743
19.868584
37.660071
14.926504
8.007593
24.810664
12.949673
38.648487
13.938088
34.694823
34.694823
9.984425
31.729575
16.903336
8.007593
14.926504
11.961257
12.949673
20.857000
10.972841
18.880168
8.996009
25.799080
19.868584
12.949673
22.833832
31.729575
8.996009
10.972841
17.891752
14.926504
20.857000
13.938088
32.717991
9.984425
18.880168
16.903336
21.845416
19.868584
30.741159
12.949673
13.938088
12.949673
17.891752
15.914920
16.903336
16.903336
13.938088
13.938088
13.938088
25.799080
20.857000
12.949673
15.914920
27.775911
21.845416
15.914920
38.648487
12.949673
17.891752
15.914920
23.822248
19.868584
36.671655
25.799080
37.660071
23.822248
23.822248
29.752743
31.729575
12.949673
11.961257
19.868584
13.938088
34.694823
16.903336
26.787495
17.891752
38.648487
19.868584
17.891752
18.880168
13.938088
13.938088
9.984425
19.868584
9.984425
27.775911
29.752743
20.857000
32.717991
30.741159
8.996009
16.903336
13.938088
12.949673
17.891752
13.938088
23.822248
29.752743
28.764327
14.926504
13.938088
22.833832
17.891752
12.949673
21.845416
14.926504
31.729575
15.914920
16.903336
20.857000
27.775911
29.752743
18.880168
11.961257
9.984425
13.938088
26.787495
27.775911
14.926504
22.833832
20.857000
25.799080
17.891752
13.938088
8.007593
13.938088
13.938088
17.891752
30.741159
20.857000
26.787495
27.775911
13.938088
24.810664
8.996009
20.857000
26.787495
9.984425
41.613734
9.984425
21.845416
26.787495
18.880168
12.949673
17.891752
18.880168
18.880168
22.833832
24.810664
8.007593
13.938088
21.845416
17.891752
11.961257
8.007593
15.914920
12.949673
18.880168
26.787495
31.729575
22.833832
18.880168
12.949673
23.822248
19.868584
15.914920
26.787495
19.868584
12.949673
15.914920
19.868584
31.729575
12.949673
19.868584
19.868584
8.007593
20.857000
12.949673
15.914920
23.822248
22.833832
20.857000
27.775911
31.729575
28.764327
26.787495
20.857000
20.857000
23.822248
19.868584
37.660071
14.926504
15.914920
18.880168
12.949673
26.787495
30.741159
27.775911
17.891752
18.880168
9.984425
10.972841
11.961257
31.729575
12.949673
9.984425
12.949673
15.914920
9.984425
30.741159
26.787495
17.891752
12.949673
14.926504
30.741159
14.926504
9.984425
32.717991
16.903336
13.938088
28.764327
38.648487
31.729575
31.729575
12.949673
12.949673
22.833832
22.833832
16.903336
15.914920
20.857000
13.938088
10.972841
26.787495
19.868584
18.880168
24.810664
30.741159
19.868584
20.857000
19.868584
19.868584
12.949673
19.868584
9.984425
13.938088
29.752743
11.961257
19.868584
23.822248
12.949673
21.845416
9.984425
14.926504
13.938088
15.914920
20.857000
12.949673
12.949673
13.938088
13.938088
20.857000
25.799080
23.822248
26.787495
30.741159
10.972841
21.845416
14.926504
17.891752
15.914920
13.938088
12.949673
15.914920
37.660071
21.845416
12.949673
29.752743
26.787495
18.880168
28.764327
15.914920
23.822248
19.868584
18.880168
18.880168
13.938088
26.787495
12.949673
15.914920
12.949673
11.961257
8.007593
22.833832
12.949673
17.891752
19.868584
27.775911
25.799080
18.880168
30.741159
17.891752
8.996009
16.903336
19.868584
9.984425
16.903336
12.949673
22.833832
27.775911
9.984425
22.833832
28.764327
30.741159
22.833832
27.775911
20.857000
15.914920
27.775911
30.741159
23.822248
34.694823
12.949673
19.868584
17.891752
18.880168
8.007593
36.671655
13.938088
13.938088
26.787495
34.694823
34.694823
20.857000
9.984425
20.857000
27.775911
19.868584
38.648487
30.741159
31.729575
16.903336
19.868584
16.903336
13.938088
8.007593
15.914920
17.891752
32.717991
22.833832
24.810664
24.810664
21.845416
12.949673
18.880168
41.613734
16.903336
14.926504
22.833832
16.903336
21.845416
23.822248
22.833832
19.868584
12.949673
19.868584
16.903336
19.868584
11.961257
13.938088
11.961257
10.972841
15.914920
18.880168
8.007593
19.868584
19.868584
10.972841
27.775911
31.729575
31.729575
13.938088
8.996009
22.833832
14.926504
23.822248
14.926504
13.938088
19.868584
8.007593
28.764327
29.752743
15.914920
14.926504
22.833832
15.914920
22.833832
12.949673
30.741159
10.972841
16.903336
16.903336
13.938088
14.926504
27.775911
15.914920
15.914920
18.880168
26.787495
29.752743
29.752743
9.984425
8.007593
12.949673
19.868584
15.914920
23.822248
13.938088
13.938088
31.729575
12.949673
31.729575
8.996009
29.752743
21.845416
8.007593
12.949673
19.868584
18.880168
16.903336
13.938088
12.949673
18.880168
14.926504
17.891752
15.914920
14.926504
15.914920
19.868584
31.729575
20.857000
11.961257
11.961257
26.787495
22.833832
19.868584
19.868584
12.949673
19.868584
18.880168
26.787495
30.741159
21.845416
16.903336
16.903336
14.926504
41.613734
20.857000
9.984425
41.613734
21.845416
19.868584
14.926504
21.845416
11.961257
29.752743
27.775911
32.717991
15.914920
12.949673
22.833832
18.880168
19.868584
22.833832
19.868584
16.903336
23.822248
12.949673
26.787495
20.857000
9.984425
36.671655
20.857000
31.729575
20.857000
17.891752
12.949673
31.729575
21.845416
18.880168
41.613734
13.938088
15.914920
34.694823
16.903336
19.868584
22.833832
19.868584
10.972841
9.984425
15.914920
22.833832
12.949673
10.972841
29.752743
17.891752
22.833832
24.810664
31.729575
15.914920
14.926504
21.845416
18.880168
9.984425
12.949673
19.868584
17.891752
15.914920
13.938088
9.984425
17.891752
19.868584
28.764327
27.775911
18.880168
36.671655
23.822248
12.949673
19.868584
30.741159
28.764327
11.961257
17.891752
16.903336
22.833832
36.671655
17.891752
37.660071
14.926504
13.938088
27.775911
17.891752
31.729575
8.996009
30.741159
17.891752
19.868584
15.914920
9.984425
11.961257
15.914920
19.868584
15.914920
31.729575
16.903336
19.868584
16.903336
16.903336
17.891752
31.729575
16.903336
19.868584
19.868584
22.833832
31.729575
18.880168
8.996009
13.938088
22.833832
31.729575
16.903336
23.822248
12.949673
31.729575
11.961257
15.914920
12.949673
37.660071
12.949673
15.914920
21.845416
11.961257
25.799080
19.868584
12.949673
27.775911
11.961257
26.787495
15.914920
22.833832
8.007593
21.845416
23.822248
24.810664
19.868584
15.914920
17.891752
12.949673
32.717991
24.810664
14.926504
9.984425
19.868584
13.938088
31.729575
18.880168
16.903336
24.810664
32.717991
22.833832
21.845416
19.868584
23.822248
19.868584
22.833832
12.949673
23.822248
18.880168
23.822248
22.833832
12.949673
15.914920
18.880168
19.868584
20.857000
20.857000
8.007593
17.891752
32.717991
19.868584
13.938088
27.775911
12.949673
32.717991
25.799080
20.857000
11.961257
26.787495
13.938088
13.938088
16.903336
17.891752
30.741159
26.787495
15.914920
8.996009
9.984425
15.914920
26.787495
31.729575
30.741159
10.972841
17.891752
32.717991
25.799080
22.833832
15.914920
31.729575
34.694823
12.949673
9.984425
23.822248
20.857000
9.984425
12.949673
19.868584
24.810664
11.961257
9.984425
18.880168
12.949673
23.822248
22.833832
12.949673
9.984425
21.845416
17.891752
22.833832
31.729575
13.938088
28.764327
15.914920
31.729575
13.938088
13.938088
23.822248
9.984425
11.961257
23.822248
16.903336
17.891752
18.880168
12.949673
19.868584
16.903336
22.833832
22.833832
12.949673
34.694823
9.984425
12.949673
18.880168
18.880168
18.880168
22.833832
15.914920
18.880168
19.868584
22.833832
8.996009
16.903336
31.729575
29.752743
18.880168
19.868584
16.903336
9.984425
13.938088
34.694823
12.949673
25.799080
17.891752
23.822248
13.938088
10.972841
19.868584
12.949673
28.764327
18.880168
16.903336
15.914920
20.857000
13.938088
18.880168
41.613734
32.717991
13.938088
24.810664
31.729575
20.857000
15.914920
29.752743
27.775911
9.984425
18.880168
14.926504
15.914920
12.949673
28.764327
10.972841
31.729575
27.775911
15.914920
26.787495
11.961257
34.694823
8.996009
11.961257
30.741159
17.891752
15.914920
15.914920
15.914920
8.007593
22.833832
12.949673
12.949673
10.972841
21.845416
8.007593
11.961257
34.694823
15.914920
23.822248
26.787495
25.799080
15.914920
22.833832
17.891752
22.833832
18.880168
12.949673
29.752743
17.891752
24.810664
26.787495
24.810664
13.938088
26.787495
19.868584
17.891752
25.799080
22.833832
29.752743
30.741159
9.984425
19.868584
11.961257
11.961257
13.938088
26.787495
14.926504
28.764327
11.961257
20.857000
29.752743
11.961257
12.949673
29.752743
18.880168
26.787495
19.868584
13.938088
12.949673
31.729575
22.833832
26.787495
19.868584
12.949673
8.996009
18.880168
11.961257
13.938088
24.810664
11.961257
9.984425
12.949673
24.810664
16.903336
16.903336
27.775911
24.810664
15.914920
12.949673
11.961257
29.752743
34.694823
14.926504
18.880168
19.868584
29.752743
16.903336
41.613734
26.787495
18.880168
23.822248
17.891752
18.880168
22.833832
24.810664
15.914920
19.868584
27.775911
30.741159
21.845416
14.926504
15.914920
22.833832
18.880168
21.845416
15.914920
28.764327
16.903336
28.764327
18.880168
18.880168
13.938088
13.938088
29.752743
23.822248
15.914920
24.810664
34.694823
21.845416
27.775911
16.903336
20.857000
27.775911
29.752743
26.787495
13.938088
18.880168
19.868584
17.891752
22.833832
23.822248
12.949673
12.949673
31.729575
27.775911
24.810664
29.752743
10.972841
27.775911
16.903336
14.926504
12.949673
20.857000
9.984425
11.961257
9.984425
18.880168
13.938088
15.914920
21.845416
18.880168
22.833832
15.914920
13.938088
26.787495
18.880168
18.880168
17.891752
12.949673
14.926504
29.752743
12.949673
13.938088
23.822248
12.949673
15.914920
17.891752
12.949673
31.729575
23.822248
11.961257
12.949673
19.868584
19.868584
16.903336
24.810664
23.822248
9.984425
16.903336
26.787495
31.729575
