26.373122
12.922053
14.991448
16.026146
14.991448
16.026146
9.817960
29.477215
20.164936
18.095541
25.338424
20.164936
10.852658
16.026146
14.991448
24.303727
30.511912
14.991448
22.234331
11.887355
18.095541
21.199634
18.095541
16.026146
17.060843
20.164936
18.095541
20.164936
17.060843
14.991448
16.026146
19.130239
13.956751
32.581307
16.026146
25.338424
21.199634
26.373122
16.026146
31.546610
13.956751
11.887355
23.269029
12.922053
44.997678
18.095541
25.338424
20.164936
24.303727
9.817960
13.956751
20.164936
26.373122
11.887355
14.991448
16.026146
29.477215
29.477215
10.852658
20.164936
20.164936
16.026146
26.373122
16.026146
12.922053
12.922053
11.887355
19.130239
44.997678
31.546610
51.205864
20.164936
14.991448
25.338424
21.199634
12.922053
51.205864
14.991448
14.991448
17.060843
28.442517
26.373122
30.511912
18.095541
25.338424
20.164936
26.373122
11.887355
16.026146
24.303727
16.026146
20.164936
13.956751
26.373122
14.991448
16.026146
14.991448
16.026146
18.095541
16.026146
23.269029
13.956751
26.373122
31.546610
13.956751
23.269029
13.956751
19.130239
31.546610
17.060843
12.922053
18.095541
24.303727
25.338424
20.164936
17.060843
14.991448
38.789493
19.130239
26.373122
27.407819
16.026146
25.338424
22.234331
23.269029
17.060843
19.130239
25.338424
25.338424
16.026146
12.922053
24.303727
10.852658
21.199634
12.922053
26.373122
25.338424
24.303727
20.164936
21.199634
26.373122
10.852658
9.817960
18.095541
22.234331
19.130239
14.991448
14.991448
14.991448
13.956751
13.956751
22.234331
23.269029
7.748565
16.026146
13.956751
24.303727
31.546610
31.546610
21.199634
24.303727
14.991448
16.026146
11.887355
16.026146
9.817960
29.477215
24.303727
31.546610
11.887355
16.026146
27.407819
27.407819
16.026146
14.991448
26.373122
16.026146
9.817960
14.991448
11.887355
18.095541
12.922053
22.234331
14.991448
14.991448
13.956751
11.887355
16.026146
14.991448
23.269029
17.060843
26.373122
29.477215
22.234331
26.373122
18.095541
13.956751
23.269029
27.407819
25.338424
23.269029
19.130239
24.303727
26.373122
25.338424
22.234331
23.269029
19.130239
21.199634
16.026146
14.991448
12.922053
11.887355
25.338424
23.269029
21.199634
27.407819
25.338424
22.234331
23.269029
23.269029
21.199634
20.164936
20.164936
16.026146
51.205864
13.956751
9.817960
27.407819
9.817960
21.199634
18.095541
18.095541
35.685400
12.922053
19.130239
14.991448
32.581307
16.026146
10.852658
22.234331
23.269029
16.026146
16.026146
17.060843
19.130239
31.546610
19.130239
26.373122
26.373122
24.303727
7.748565
11.887355
31.546610
19.130239
12.922053
16.026146
22.234331
19.130239
26.373122
11.887355
23.269029
24.303727
16.026146
25.338424
9.817960
22.234331
10.852658
14.991448
12.922053
17.060843
13.956751
17.060843
31.546610
18.095541
38.789493
17.060843
17.060843
18.095541
13.956751
17.060843
14.991448
23.269029
9.817960
7.748565
24.303727
13.956751
20.164936
12.922053
16.026146
24.303727
22.234331
7.748565
12.922053
19.130239
14.991448
16.026146
11.887355
13.956751
16.026146
10.852658
11.887355
13.956751
9.817960
13.956751
20.164936
13.956751
5.679170
11.887355
14.991448
9.817960
18.095541
18.095541
21.199634
22.234331
16.026146
16.026146
19.130239
35.685400
8.783263
16.026146
51.205864
19.130239
19.130239
16.026146
23.269029
10.852658
12.922053
30.511912
18.095541
21.199634
25.338424
19.130239
11.887355
14.991448
24.303727
16.026146
23.269029
14.991448
13.956751
19.130239
16.026146
16.026146
19.130239
19.130239
20.164936
21.199634
22.234331
18.095541
16.026146
22.234331
19.130239
11.887355
11.887355
23.269029
13.956751
13.956751
24.303727
26.373122
13.956751
20.164936
18.095541
9.817960
18.095541
25.338424
27.407819
16.026146
44.997678
17.060843
44.997678
9.817960
11.887355
31.546610
23.269029
23.269029
17.060843
19.130239
24.303727
20.164936
22.234331
16.026146
9.817960
17.060843
14.991448
20.164936
13.956751
35.685400
23.269029
31.546610
29.477215
24.303727
16.026146
11.887355
13.956751
13.956751
19.130239
23.269029
29.477215
18.095541
21.199634
7.748565
19.130239
14.991448
25.338424
14.991448
9.817960
22.234331
31.546610
16.026146
31.546610
12.922053
14.991448
26.373122
11.887355
20.164936
11.887355
14.991448
22.234331
26.373122
17.060843
14.991448
23.269029
9.817960
23.269029
17.060843
13.956751
19.130239
11.887355
20.164936
14.991448
10.852658
12.922053
5.679170
16.026146
14.991448
31.546610
13.956751
26.373122
12.922053
28.442517
38.789493
16.026146
11.887355
25.338424
29.477215
11.887355
20.164936
11.887355
14.991448
23.269029
16.026146
11.887355
26.373122
11.887355
14.991448
38.789493
21.199634
32.581307
13.956751
9.817960
32.581307
12.922053
26.373122
20.164936
14.991448
13.956751
25.338424
16.026146
14.991448
14.991448
19.130239
18.095541
16.026146
19.130239
16.026146
38.789493
31.546610
13.956751
23.269029
22.234331
16.026146
13.956751
9.817960
25.338424
13.956751
18.095541
28.442517
31.546610
14.991448
23.269029
13.956751
16.026146
14.991448
23.269029
19.130239
29.477215
14.991448
16.026146
16.026146
12.922053
17.060843
23.269029
14.991448
22.234331
12.922053
9.817960
11.887355
16.026146
19.130239
32.581307
18.095541
25.338424
19.130239
23.269029
13.956751
21.199634
14.991448
26.373122
11.887355
24.303727
31.546610
25.338424
13.956751
24.303727
20.164936
44.997678
32.581307
30.511912
12.922053
11.887355
23.269029
23.269029
20.164936
19.130239
12.922053
38.789493
26.373122
14.991448
18.095541
23.269029
18.095541
31.546610
22.234331
22.234331
5.679170
19.130239
16.026146
14.991448
19.130239
22.234331
18.095541
16.026146
19.130239
11.887355
26.373122
26.373122
26.373122
9.817960
20.164936
16.026146
17.060843
17.060843
10.852658
20.164936
14.991448
26.373122
21.199634
23.269029
35.685400
29.477215
32.581307
19.130239
26.373122
16.026146
11.887355
18.095541
16.026146
26.373122
18.095541
10.852658
19.130239
25.338424
10.852658
12.922053
31.546610
18.095541
22.234331
17.060843
20.164936
20.164936
19.130239
44.997678
18.095541
20.164936
14.991448
16.026146
22.234331
11.887355
11.887355
16.026146
14.991448
11.887355
19.130239
20.164936
19.130239
20.164936
25.338424
11.887355
11.887355
16.026146
18.095541
32.581307
14.991448
23.269029
26.373122
26.373122
13.956751
16.026146
16.026146
18.095541
14.991448
23.269029
18.095541
19.130239
20.164936
23.269029
18.095541
16.026146
17.060843
12.922053
11.887355
18.095541
32.581307
14.991448
8.783263
20.164936
20.164936
20.164936
20.164936
26.373122
14.991448
26.373122
24.303727
19.130239
16.026146
25.338424
18.095541
19.130239
30.511912
5.679170
16.026146
22.234331
26.373122
24.303727
16.026146
14.991448
14.991448
23.269029
18.095541
11.887355
29.477215
26.373122
24.303727
31.546610
9.817960
20.164936
19.130239
17.060843
12.922053
18.095541
32.581307
17.060843
14.991448
27.407819
20.164936
18.095541
21.199634
18.095541
16.026146
16.026146
19.130239
26.373122
30.511912
18.095541
16.026146
19.130239
34.650702
20.164936
20.164936
11.887355
21.199634
19.130239
13.956751
27.407819
19.130239
20.164936
26.373122
13.956751
10.852658
32.581307
18.095541
28.442517
14.991448
10.852658
34.650702
20.164936
25.338424
14.991448
16.026146
34.650702
19.130239
11.887355
16.026146
11.887355
16.026146
26.373122
12.922053
19.130239
12.922053
14.991448
12.922053
19.130239
22.234331
23.269029
12.922053
20.164936
16.026146
28.442517
16.026146
5.679170
24.303727
14.991448
22.234331
13.956751
24.303727
20.164936
5.679170
7.748565
22.234331
20.164936
14.991448
25.338424
13.956751
20.164936
20.164936
23.269029
28.442517
16.026146
27.407819
26.373122
14.991448
26.373122
11.887355
14.991448
12.922053
20.164936
28.442517
17.060843
14.991448
16.026146
28.442517
9.817960
21.199634
32.581307
23.269029
34.650702
19.130239
16.026146
24.303727
20.164936
9.817960
26.373122
20.164936
26.373122
14.991448
17.060843
16.026146
19.130239
26.373122
16.026146
26.373122
32.581307
14.991448
23.269029
17.060843
18.095541
11.887355
11.887355
21.199634
23.269029
31.546610
16.026146
21.199634
16.026146
18.095541
19.130239
19.130239
24.303727
22.234331
20.164936
12.922053
10.852658
23.269029
7.748565
18.095541
31.546610
13.956751
21.199634
32.581307
17.060843
18.095541
14.991448
22.234331
9.817960
24.303727
13.956751
16.026146
18.095541
23.269029
24.303727
9.817960
51.205864
18.095541
28.442517
27.407819
13.956751
9.817960
11.887355
12.922053
10.852658
8.783263
18.095541
18.095541
11.887355
18.095541
21.199634
14.991448
22.234331
20.164936
13.956751
32.581307
12.922053
29.477215
7.748565
11.887355
20.164936
9.817960
18.095541
32.581307
20.164936
16.026146
14.991448
14.991448
11.887355
11.887355
16.026146
11.887355
12.922053
16.026146
11.887355
18.095541
19.130239
20.164936
19.130239
11.887355
18.095541
22.234331
14.991448
27.407819
11.887355
20.164936
13.956751
27.407819
9.817960
18.095541
23.269029
18.095541
21.199634
16.026146
11.887355
11.887355
22.234331
19.130239
11.887355
14.991448
23.269029
26.373122
19.130239
18.095541
22.234331
13.956751
25.338424
9.817960
23.269029
24.303727
25.338424
25.338424
16.026146
9.817960
16.026146
27.407819
14.991448
14.991448
16.026146
19.130239
13.956751
12.922053
30.511912
20.164936
13.956751
20.164936
18.095541
11.887355
14.991448
16.026146
14.991448
18.095541
23.269029
14.991448
19.130239
22.234331
18.095541
18.095541
7.748565
16.026146
14.991448
18.095541
16.026146
21.199634
16.026146
13.956751
18.095541
26.373122
14.991448
7.748565
13.956751
7.748565
10.852658
26.373122
18.095541
14.991448
23.269029
18.095541
22.234331
12.922053
19.130239
26.373122
10.852658
5.679170
21.199634
35.685400
14.991448
12.922053
26.373122
10.852658
14.991448
22.234331
31.546610
14.991448
21.199634
25.338424
16.026146
18.095541
12.922053
21.199634
32.581307
9.817960
26.373122
23.269029
13.956751
10.852658
29.477215
26.373122
16.026146
13.956751
18.095541
19.130239
19.130239
19.130239
19.130239
20.164936
19.130239
13.956751
44.997678
19.130239
18.095541
32.581307
10.852658
12.922053
12.922053
23.269029
8.783263
22.234331
11.887355
19.130239
21.199634
18.095541
18.095541
23.269029
9.817960
32.581307
18.095541
19.130239
51.205864
23.269029
25.338424
23.269029
13.956751
16.026146
32.581307
12.922053
14.991448
16.026146
29.477215
44.997678
11.887355
16.026146
16.026146
25.338424
20.164936
20.164936
14.991448
9.817960
24.303727
18.095541
11.887355
26.373122
22.234331
19.130239
29.477215
31.546610
13.956751
9.817960
12.922053
11.887355
16.026146
19.130239
9.817960
18.095541
22.234331
22.234331
18.095541
11.887355
20.164936
23.269029
20.164936
22.234331
28.442517
30.511912
23.269029
18.095541
16.026146
19.130239
9.817960
14.991448
31.546610
29.477215
14.991448
14.991448
23.269029
26.373122
17.060843
51.205864
19.130239
17.060843
17.060843
10.852658
18.095541
26.373122
16.026146
16.026146
22.234331
14.991448
8.783263
19.130239
21.199634
13.956751
16.026146
13.956751
17.060843
11.887355
19.130239
10.852658
27.407819
13.956751
22.234331
16.026146
9.817960
16.026146
16.026146
20.164936
19.130239
11.887355
23.269029
18.095541
21.199634
21.199634
31.546610
12.922053
10.852658
11.887355
16.026146
16.026146
26.373122
26.373122
26.373122
29.477215
21.199634
19.130239
14.991448
16.026146
27.407819
10.852658
13.956751
10.852658
11.887355
14.991448
7.748565
5.679170
31.546610
32.581307
14.991448
26.373122
18.095541
14.991448
16.026146
7.748565
34.650702
14.991448
19.130239
31.546610
26.373122
25.338424
18.095541
19.130239
24.303727
13.956751
11.887355
26.373122
24.303727
25.338424
21.199634
16.026146
12.922053
17.060843
19.130239
14.991448
20.164936
26.373122
19.130239
30.511912
14.991448
19.130239
19.130239
13.956751
27.407819
11.887355
19.130239
11.887355
14.991448
12.922053
22.234331
29.477215
30.511912
12.922053
19.130239
23.269029
19.130239
44.997678
20.164936
31.546610
13.956751
32.581307
20.164936
12.922053
18.095541
16.026146
25.338424
10.852658
27.407819
19.130239
21.199634
24.303727
22.234331
31.546610
11.887355
35.685400
13.956751
16.026146
13.956751
12.922053
21.199634
9.817960
29.477215
11.887355
18.095541
20.164936
13.956751
31.546610
12.922053
12.922053
12.922053
44.997678
24.303727
20.164936
19.130239
20.164936
22.234331
11.887355
26.373122
19.130239
22.234331
17.060843
23.269029
26.373122
23.269029
24.303727
17.060843
18.095541
14.991448
23.269029
22.234331
10.852658
16.026146
17.060843
12.922053
19.130239
18.095541
21.199634
28.442517
19.130239
27.407819
21.199634
14.991448
12.922053
20.164936
11.887355
16.026146
20.164936
23.269029
20.164936
11.887355
23.269029
18.095541
5.679170
10.852658
35.685400
24.303727
51.205864
26.373122
26.373122
25.338424
24.303727
27.407819
31.546610
19.130239
11.887355
28.442517
29.477215
19.130239
14.991448
9.817960
11.887355
23.269029
14.991448
11.887355
11.887355
8.783263
19.130239
51.205864
19.130239
16.026146
20.164936
18.095541
20.164936
16.026146
16.026146
38.789493
23.269029
13.956751
10.852658
12.922053
23.269029
30.511912
18.095541
19.130239
18.095541
14.991448
26.373122
19.130239
24.303727
13.956751
18.095541
14.991448
12.922053
13.956751
20.164936
10.852658
24.303727
25.338424
23.269029
32.581307
26.373122
23.269029
10.852658
25.338424
11.887355
16.026146
11.887355
21.199634
19.130239
23.269029
25.338424
9.817960
21.199634
19.130239
18.095541
31.546610
21.199634
16.026146
25.338424
18.095541
21.199634
20.164936
19.130239
23.269029
26.373122
8.783263
22.234331
17.060843
20.164936
14.991448
23.269029
13.956751
31.546610
23.269029
23.269029
13.956751
21.199634
10.852658
13.956751
31.546610
26.373122
12.922053
9.817960
20.164936
12.922053
10.852658
18.095541
26.373122
28.442517
44.997678
26.373122
20.164936
22.234331
17.060843
16.026146
16.026146
17.060843
11.887355
