11.973504
37.222762
20.053266
12.983474
37.222762
19.043296
28.133029
13.993444
15.003415
26.113088
15.003415
25.103118
32.172910
18.033326
5.913682
22.073207
2.883771
23.083177
31.162940
20.053266
16.013385
12.983474
2.883771
24.093148
25.103118
16.013385
32.172910
18.033326
25.103118
18.033326
11.973504
24.093148
21.063237
2.883771
5.913682
13.993444
21.063237
22.073207
13.993444
15.003415
23.083177
7.933622
18.033326
11.973504
8.943593
29.142999
26.113088
47.322465
37.222762
13.993444
17.023355
24.093148
27.123059
21.063237
26.113088
38.232732
8.943593
13.993444
16.013385
27.123059
17.023355
15.003415
21.063237
24.093148
2.883771
21.063237
29.142999
23.083177
30.152970
31.162940
37.222762
18.033326
13.993444
13.993444
12.983474
13.993444
2.883771
28.133029
26.113088
31.162940
21.063237
17.023355
21.063237
2.883771
38.232732
8.943593
15.003415
9.953563
24.093148
21.063237
13.993444
23.083177
26.113088
31.162940
11.973504
2.883771
13.993444
24.093148
5.913682
20.053266
13.993444
22.073207
24.093148
8.943593
12.983474
41.262643
6.923652
18.033326
31.162940
18.033326
8.943593
26.113088
15.003415
15.003415
12.983474
16.013385
13.993444
21.063237
46.312495
22.073207
16.013385
16.013385
22.073207
27.123059
24.093148
2.883771
24.093148
31.162940
30.152970
22.073207
34.192851
34.192851
37.222762
2.883771
7.933622
15.003415
13.993444
31.162940
3.893741
30.152970
15.003415
21.063237
13.993444
29.142999
12.983474
22.073207
17.023355
9.953563
15.003415
19.043296
24.093148
22.073207
33.182880
26.113088
21.063237
15.003415
9.953563
10.963533
8.943593
23.083177
47.322465
25.103118
8.943593
7.933622
21.063237
18.033326
34.192851
7.933622
42.272613
15.003415
25.103118
12.983474
30.152970
26.113088
19.043296
12.983474
21.063237
22.073207
37.222762
13.993444
22.073207
38.232732
21.063237
1.873800
15.003415
22.073207
8.943593
22.073207
32.172910
15.003415
21.063237
15.003415
27.123059
12.983474
34.192851
13.993444
25.103118
15.003415
24.093148
16.013385
9.953563
22.073207
25.103118
23.083177
18.033326
16.013385
10.963533
5.913682
34.192851
15.003415
20.053266
22.073207
22.073207
17.023355
8.943593
18.033326
25.103118
6.923652
11.973504
17.023355
13.993444
22.073207
38.232732
28.133029
9.953563
6.923652
11.973504
12.983474
16.013385
9.953563
22.073207
7.933622
19.043296
30.152970
10.963533
25.103118
15.003415
21.063237
2.883771
17.023355
23.083177
21.063237
5.913682
30.152970
16.013385
15.003415
20.053266
30.152970
13.993444
25.103118
18.033326
22.073207
18.033326
3.893741
13.993444
21.063237
15.003415
22.073207
25.103118
8.943593
21.063237
7.933622
13.993444
21.063237
22.073207
13.993444
17.023355
31.162940
2.883771
22.073207
38.232732
24.093148
13.993444
29.142999
34.192851
21.063237
21.063237
18.033326
13.993444
6.923652
15.003415
17.023355
27.123059
2.883771
31.162940
19.043296
37.222762
42.272613
28.133029
25.103118
32.172910
26.113088
12.983474
22.073207
22.073207
16.013385
26.113088
31.162940
38.232732
2.883771
33.182880
22.073207
21.063237
25.103118
22.073207
16.013385
25.103118
18.033326
28.133029
26.113088
20.053266
18.033326
38.232732
15.003415
32.172910
7.933622
13.993444
37.222762
9.953563
26.113088
9.953563
26.113088
31.162940
7.933622
15.003415
16.013385
2.883771
41.262643
12.983474
31.162940
28.133029
8.943593
15.003415
21.063237
25.103118
9.953563
21.063237
11.973504
4.903711
38.232732
26.113088
15.003415
26.113088
21.063237
38.232732
34.192851
10.963533
22.073207
21.063237
1.873800
31.162940
21.063237
38.232732
29.142999
47.322465
33.182880
7.933622
31.162940
2.883771
25.103118
28.133029
26.113088
11.973504
34.192851
29.142999
16.013385
17.023355
25.103118
37.222762
2.883771
25.103118
17.023355
24.093148
15.003415
24.093148
19.043296
18.033326
26.113088
26.113088
6.923652
21.063237
19.043296
42.272613
47.322465
23.083177
21.063237
18.033326
16.013385
21.063237
18.033326
25.103118
2.883771
18.033326
8.943593
2.883771
10.963533
16.013385
25.103118
37.222762
23.083177
13.993444
29.142999
6.923652
2.883771
11.973504
21.063237
12.983474
7.933622
24.093148
12.983474
12.983474
11.973504
19.043296
19.043296
2.883771
2.883771
18.033326
9.953563
38.232732
31.162940
5.913682
25.103118
21.063237
8.943593
11.973504
19.043296
33.182880
15.003415
11.973504
5.913682
33.182880
17.023355
34.192851
25.103118
34.192851
13.993444
18.033326
22.073207
20.053266
9.953563
26.113088
22.073207
21.063237
2.883771
28.133029
37.222762
16.013385
29.142999
21.063237
32.172910
28.133029
9.953563
11.973504
21.063237
18.033326
20.053266
7.933622
10.963533
18.033326
26.113088
25.103118
30.152970
23.083177
30.152970
11.973504
18.033326
19.043296
23.083177
26.113088
10.963533
37.222762
6.923652
9.953563
31.162940
28.133029
25.103118
2.883771
12.983474
32.172910
2.883771
30.152970
18.033326
13.993444
29.142999
24.093148
37.222762
21.063237
28.133029
25.103118
13.993444
4.903711
19.043296
6.923652
19.043296
21.063237
15.003415
11.973504
12.983474
15.003415
15.003415
21.063237
13.993444
34.192851
7.933622
37.222762
29.142999
25.103118
21.063237
26.113088
26.113088
23.083177
25.103118
20.053266
20.053266
24.093148
25.103118
18.033326
3.893741
2.883771
34.192851
34.192851
31.162940
12.983474
34.192851
2.883771
15.003415
46.312495
15.003415
9.953563
22.073207
38.232732
13.993444
45.302524
7.933622
34.192851
6.923652
19.043296
21.063237
38.232732
21.063237
18.033326
18.033326
7.933622
8.943593
13.993444
21.063237
28.133029
24.093148
7.933622
31.162940
18.033326
28.133029
25.103118
13.993444
30.152970
22.073207
22.073207
25.103118
22.073207
24.093148
32.172910
13.993444
12.983474
18.033326
12.983474
8.943593
30.152970
21.063237
33.182880
31.162940
22.073207
18.033326
7.933622
3.893741
24.093148
21.063237
22.073207
27.123059
37.222762
21.063237
21.063237
13.993444
2.883771
17.023355
25.103118
38.232732
27.123059
32.172910
25.103118
15.003415
31.162940
28.133029
22.073207
18.033326
20.053266
25.103118
11.973504
32.172910
29.142999
5.913682
22.073207
15.003415
11.973504
37.222762
22.073207
33.182880
24.093148
9.953563
31.162940
13.993444
37.222762
33.182880
25.103118
22.073207
7.933622
12.983474
13.993444
31.162940
38.232732
13.993444
25.103118
9.953563
17.023355
25.103118
47.322465
5.913682
34.192851
21.063237
28.133029
23.083177
16.013385
31.162940
21.063237
13.993444
34.192851
12.983474
18.033326
25.103118
11.973504
28.133029
15.003415
37.222762
22.073207
32.172910
12.983474
22.073207
6.923652
38.232732
13.993444
22.073207
21.063237
15.003415
21.063237
18.033326
13.993444
34.192851
6.923652
23.083177
11.973504
8.943593
5.913682
37.222762
16.013385
21.063237
23.083177
25.103118
7.933622
18.033326
2.883771
4.903711
6.923652
6.923652
31.162940
25.103118
45.302524
13.993444
19.043296
8.943593
6.923652
17.023355
13.993444
17.023355
25.103118
2.883771
2.883771
11.973504
37.222762
38.232732
15.003415
18.033326
12.983474
16.013385
12.983474
9.953563
8.943593
24.093148
30.152970
24.093148
21.063237
21.063237
15.003415
18.033326
13.993444
3.893741
37.222762
20.053266
19.043296
15.003415
17.023355
19.043296
23.083177
31.162940
22.073207
2.883771
42.272613
12.983474
9.953563
27.123059
31.162940
18.033326
8.943593
16.013385
11.973504
11.973504
23.083177
24.093148
34.192851
37.222762
24.093148
12.983474
23.083177
38.232732
15.003415
18.033326
32.172910
28.133029
32.172910
10.963533
18.033326
13.993444
25.103118
25.103118
31.162940
46.312495
24.093148
31.162940
2.883771
8.943593
18.033326
19.043296
13.993444
16.013385
18.033326
24.093148
18.033326
19.043296
12.983474
11.973504
25.103118
7.933622
26.113088
22.073207
15.003415
7.933622
38.232732
37.222762
25.103118
26.113088
16.013385
18.033326
18.033326
22.073207
11.973504
30.152970
38.232732
3.893741
24.093148
15.003415
9.953563
25.103118
21.063237
12.983474
25.103118
24.093148
26.113088
20.053266
23.083177
18.033326
38.232732
7.933622
22.073207
22.073207
37.222762
5.913682
6.923652
19.043296
25.103118
33.182880
28.133029
5.913682
24.093148
6.923652
21.063237
8.943593
30.152970
15.003415
12.983474
24.093148
31.162940
29.142999
37.222762
26.113088
9.953563
29.142999
19.043296
13.993444
32.172910
11.973504
9.953563
12.983474
15.003415
25.103118
17.023355
12.983474
1.873800
22.073207
2.883771
18.033326
29.142999
37.222762
2.883771
26.113088
7.933622
18.033326
2.883771
7.933622
46.312495
22.073207
12.983474
19.043296
5.913682
22.073207
15.003415
34.192851
17.023355
31.162940
21.063237
21.063237
47.322465
11.973504
21.063237
31.162940
6.923652
19.043296
17.023355
34.192851
19.043296
2.883771
18.033326
25.103118
13.993444
29.142999
30.152970
6.923652
8.943593
8.943593
37.222762
21.063237
26.113088
21.063237
18.033326
19.043296
22.073207
29.142999
13.993444
27.123059
13.993444
11.973504
9.953563
37.222762
20.053266
21.063237
24.093148
8.943593
46.312495
25.103118
28.133029
6.923652
19.043296
6.923652
28.133029
20.053266
18.033326
22.073207
25.103118
24.093148
9.953563
31.162940
38.232732
2.883771
11.973504
32.172910
24.093148
9.953563
21.063237
31.162940
47.322465
25.103118
18.033326
8.943593
37.222762
37.222762
4.903711
15.003415
25.103118
25.103118
6.923652
31.162940
37.222762
26.113088
31.162940
15.003415
22.073207
29.142999
30.152970
45.302524
32.172910
26.113088
37.222762
47.322465
6.923652
2.883771
9.953563
9.953563
15.003415
18.033326
28.133029
23.083177
11.973504
29.142999
6.923652
24.093148
18.033326
8.943593
20.053266
25.103118
38.232732
17.023355
30.152970
13.993444
22.073207
38.232732
7.933622
8.943593
8.943593
1.873800
24.093148
13.993444
18.033326
18.033326
10.963533
15.003415
29.142999
21.063237
13.993444
22.073207
24.093148
26.113088
37.222762
26.113088
34.192851
25.103118
32.172910
25.103118
11.973504
16.013385
7.933622
8.943593
37.222762
22.073207
22.073207
26.113088
11.973504
10.963533
33.182880
8.943593
31.162940
19.043296
5.913682
30.152970
16.013385
15.003415
37.222762
20.053266
27.123059
8.943593
10.963533
17.023355
23.083177
19.043296
17.023355
13.993444
26.113088
13.993444
37.222762
5.913682
19.043296
17.023355
11.973504
22.073207
38.232732
26.113088
31.162940
3.893741
34.192851
12.983474
13.993444
7.933622
2.883771
27.123059
9.953563
5.913682
37.222762
26.113088
7.933622
13.993444
19.043296
6.923652
17.023355
23.083177
13.993444
25.103118
24.093148
18.033326
17.023355
13.993444
9.953563
6.923652
13.993444
41.262643
6.923652
13.993444
21.063237
16.013385
13.993444
13.993444
31.162940
6.923652
19.043296
18.033326
28.133029
15.003415
18.033326
18.033326
26.113088
42.272613
18.033326
24.093148
31.162940
24.093148
23.083177
3.893741
1.873800
8.943593
19.043296
25.103118
18.033326
15.003415
30.152970
25.103118
38.232732
37.222762
18.033326
16.013385
31.162940
18.033326
34.192851
19.043296
24.093148
32.172910
18.033326
30.152970
21.063237
34.192851
20.053266
11.973504
26.113088
6.923652
18.033326
38.232732
9.953563
17.023355
25.103118
24.093148
31.162940
31.162940
8.943593
26.113088
5.913682
37.222762
31.162940
21.063237
21.063237
38.232732
21.063237
25.103118
13.993444
9.953563
9.953563
9.953563
8.943593
13.993444
16.013385
15.003415
21.063237
10.963533
15.003415
12.983474
18.033326
8.943593
37.222762
32.172910
7.933622
21.063237
37.222762
18.033326
17.023355
23.083177
27.123059
25.103118
13.993444
15.003415
19.043296
28.133029
25.103118
19.043296
2.883771
21.063237
2.883771
13.993444
19.043296
19.043296
8.943593
31.162940
16.013385
18.033326
23.083177
20.053266
16.013385
2.883771
24.093148
2.883771
22.073207
23.083177
19.043296
37.222762
12.983474
10.963533
26.113088
21.063237
22.073207
25.103118
25.103118
13.993444
9.953563
38.232732
5.913682
13.993444
25.103118
24.093148
7.933622
8.943593
24.093148
15.003415
13.993444
20.053266
13.993444
2.883771
25.103118
15.003415
13.993444
15.003415
6.923652
12.983474
22.073207
6.923652
15.003415
6.923652
21.063237
11.973504
25.103118
38.232732
6.923652
18.033326
23.083177
34.192851
26.113088
23.083177
6.923652
4.903711
2.883771
11.973504
29.142999
31.162940
13.993444
17.023355
25.103118
2.883771
6.923652
15.003415
4.903711
24.093148
19.043296
17.023355
25.103118
21.063237
30.152970
8.943593
19.043296
21.063237
22.073207
13.993444
31.162940
29.142999
32.172910
25.103118
9.953563
30.152970
30.152970
8.943593
38.232732
22.073207
19.043296
13.993444
30.152970
11.973504
8.943593
19.043296
5.913682
34.192851
29.142999
23.083177
22.073207
37.222762
15.003415
13.993444
18.033326
33.182880
9.953563
22.073207
12.983474
21.063237
12.983474
17.023355
19.043296
37.222762
30.152970
34.192851
23.083177
22.073207
21.063237
12.983474
21.063237
10.963533
37.222762
26.113088
26.113088
4.903711
31.162940
28.133029
31.162940
38.232732
15.003415
6.923652
18.033326
9.953563
5.913682
21.063237
11.973504
16.013385
2.883771
10.963533
15.003415
21.063237
2.883771
2.883771
16.013385
18.033326
16.013385
25.103118
2.883771
19.043296
12.983474
22.073207
25.103118
8.943593
31.162940
37.222762
34.192851
17.023355
23.083177
31.162940
31.162940
11.973504
24.093148
17.023355
5.913682
21.063237
18.033326
26.113088
20.053266
21.063237
8.943593
13.993444
15.003415
21.063237
13.993444
9.953563
17.023355
19.043296
18.033326
21.063237
18.033326
11.973504
25.103118
32.172910
15.003415
15.003415
38.232732
7.933622
18.033326
22.073207
16.013385
31.162940
18.033326
18.033326
21.063237
28.133029
25.103118
22.073207
10.963533
4.903711
25.103118
20.053266
21.063237
28.133029
15.003415
25.103118
15.003415
12.983474
19.043296
3.893741
11.973504
2.883771
32.172910
15.003415
8.943593
25.103118
33.182880
6.923652
10.963533
6.923652
21.063237
34.192851
11.973504
22.073207
10.963533
34.192851
22.073207
22.073207
8.943593
16.013385
32.172910
19.043296
34.192851
26.113088
13.993444
31.162940
34.192851
15.003415
8.943593
13.993444
21.063237
32.172910
13.993444
31.162940
11.973504
26.113088
19.043296
7.933622
8.943593
7.933622
26.113088
7.933622
23.083177
42.272613
31.162940
31.162940
15.003415
11.973504
41.262643
17.023355
19.043296
5.913682
9.953563
26.113088
17.023355
25.103118
34.192851
8.943593
17.023355
15.003415
10.963533
8.943593
23.083177
13.993444
10.963533
18.033326
5.913682
6.923652
18.033326
15.003415
25.103118
37.222762
4.903711
8.943593
2.883771
16.013385
37.222762
10.963533
21.063237
31.162940
25.103118
18.033326
34.192851
38.232732
13.993444
17.023355
18.033326
25.103118
13.993444
6.923652
26.113088
8.943593
17.023355
13.993444
9.953563
15.003415
11.973504
37.222762
21.063237
13.993444
31.162940
25.103118
15.003415
16.013385
8.943593
24.093148
16.013385
25.103118
21.063237
21.063237
23.083177
19.043296
19.043296
28.133029
18.033326
26.113088
13.993444
34.192851
23.083177
3.893741
24.093148
34.192851
21.063237
25.103118
37.222762
13.993444
38.232732
13.993444
26.113088
8.943593
27.123059
2.883771
5.913682
41.262643
13.993444
26.113088
26.113088
15.003415
37.222762
12.983474
25.103118
9.953563
31.162940
11.973504
42.272613
1.873800
10.963533
17.023355
16.013385
10.963533
29.142999
15.003415
6.923652
19.043296
2.883771
4.903711
37.222762
8.943593
25.103118
15.003415
21.063237
30.152970
2.883771
16.013385
37.222762
21.063237
24.093148
7.933622
12.983474
9.953563
25.103118
31.162940
2.883771
38.232732
23.083177
3.893741
26.113088
31.162940
6.923652
32.172910
13.993444
6.923652
45.302524
19.043296
24.093148
19.043296
13.993444
6.923652
9.953563
22.073207
25.103118
18.033326
18.033326
31.162940
13.993444
2.883771
31.162940
12.983474
24.093148
32.172910
26.113088
11.973504
25.103118
27.123059
33.182880
2.883771
19.043296
37.222762
13.993444
15.003415
25.103118
22.073207
17.023355
23.083177
10.963533
18.033326
2.883771
19.043296
25.103118
25.103118
11.973504
11.973504
22.073207
22.073207
32.172910
29.142999
8.943593
26.113088
1.873800
9.953563
11.973504
20.053266
18.033326
11.973504
29.142999
12.983474
5.913682
2.883771
20.053266
13.993444
24.093148
23.083177
10.963533
16.013385
21.063237
10.963533
10.963533
26.113088
13.993444
26.113088
20.053266
18.033326
22.073207
16.013385
17.023355
8.943593
18.033326
6.923652
16.013385
9.953563
29.142999
21.063237
12.983474
28.133029
30.152970
18.033326
27.123059
37.222762
19.043296
13.993444
31.162940
19.043296
31.162940
16.013385
21.063237
19.043296
16.013385
6.923652
12.983474
18.033326
19.043296
6.923652
30.152970
6.923652
21.063237
6.923652
3.893741
11.973504
11.973504
9.953563
25.103118
18.033326
15.003415
37.222762
26.113088
18.033326
31.162940
13.993444
25.103118
16.013385
19.043296
21.063237
31.162940
18.033326
32.172910
13.993444
24.093148
7.933622
38.232732
8.943593
3.893741
3.893741
19.043296
16.013385
2.883771
6.923652
32.172910
16.013385
12.983474
23.083177
2.883771
29.142999
21.063237
34.192851
23.083177
32.172910
18.033326
13.993444
13.993444
26.113088
18.033326
15.003415
28.133029
16.013385
20.053266
34.192851
47.322465
17.023355
22.073207
20.053266
16.013385
8.943593
22.073207
11.973504
26.113088
16.013385
27.123059
26.113088
26.113088
28.133029
37.222762
37.222762
18.033326
7.933622
11.973504
11.973504
7.933622
21.063237
2.883771
15.003415
22.073207
16.013385
6.923652
17.023355
11.973504
18.033326
8.943593
34.192851
13.993444
22.073207
31.162940
6.923652
23.083177
25.103118
3.893741
21.063237
2.883771
21.063237
8.943593
5.913682
22.073207
13.993444
25.103118
22.073207
12.983474
21.063237
5.913682
8.943593
5.913682
27.123059
19.043296
11.973504
31.162940
10.963533
34.192851
8.943593
34.192851
30.152970
2.883771
24.093148
11.973504
22.073207
30.152970
5.913682
17.023355
5.913682
20.053266
27.123059
37.222762
7.933622
17.023355
23.083177
19.043296
2.883771
20.053266
9.953563
26.113088
25.103118
18.033326
19.043296
25.103118
13.993444
15.003415
11.973504
42.272613
23.083177
13.993444
18.033326
26.113088
20.053266
34.192851
16.013385
45.302524
31.162940
17.023355
6.923652
37.222762
33.182880
24.093148
31.162940
34.192851
3.893741
13.993444
21.063237
33.182880
42.272613
26.113088
8.943593
18.033326
7.933622
5.913682
37.222762
37.222762
21.063237
24.093148
31.162940
25.103118
9.953563
16.013385
31.162940
25.103118
28.133029
17.023355
13.993444
27.123059
17.023355
27.123059
17.023355
19.043296
18.033326
22.073207
8.943593
38.232732
24.093148
21.063237
34.192851
26.113088
8.943593
13.993444
22.073207
19.043296
2.883771
21.063237
2.883771
11.973504
13.993444
37.222762
25.103118
9.953563
25.103118
23.083177
22.073207
17.023355
12.983474
8.943593
22.073207
13.993444
9.953563
28.133029
31.162940
22.073207
37.222762
15.003415
2.883771
25.103118
23.083177
25.103118
2.883771
21.063237
19.043296
8.943593
27.123059
34.192851
28.133029
6.923652
10.963533
38.232732
22.073207
22.073207
37.222762
24.093148
31.162940
31.162940
24.093148
6.923652
21.063237
32.172910
6.923652
17.023355
12.983474
42.272613
7.933622
46.312495
5.913682
16.013385
5.913682
22.073207
22.073207
30.152970
20.053266
5.913682
2.883771
16.013385
12.983474
19.043296
11.973504
15.003415
19.043296
30.152970
23.083177
19.043296
18.033326
7.933622
25.103118
41.262643
17.023355
22.073207
11.973504
18.033326
23.083177
1.873800
31.162940
9.953563
2.883771
10.963533
8.943593
10.963533
23.083177
16.013385
22.073207
27.123059
21.063237
13.993444
21.063237
23.083177
22.073207
16.013385
34.192851
15.003415
45.302524
6.923652
24.093148
8.943593
26.113088
16.013385
8.943593
32.172910
31.162940
13.993444
13.993444
1.873800
17.023355
13.993444
16.013385
30.152970
15.003415
3.893741
25.103118
12.983474
30.152970
10.963533
37.222762
12.983474
12.983474
45.302524
26.113088
8.943593
17.023355
22.073207
26.113088
33.182880
26.113088
26.113088
9.953563
33.182880
21.063237
11.973504
21.063237
15.003415
21.063237
12.983474
19.043296
16.013385
21.063237
15.003415
34.192851
21.063237
22.073207
28.133029
22.073207
17.023355
21.063237
33.182880
37.222762
2.883771
18.033326
7.933622
17.023355
7.933622
25.103118
18.033326
21.063237
6.923652
13.993444
18.033326
22.073207
17.023355
8.943593
