2
8
3
10
7
2
5
5
4
5
4
4
16
10
6
6
7
6
7
7
9
12
7
6
10
14
12
4
7
6
6
7
7
9
3
8
7
6
8
10
6
15
2
6
10
7
6
10
6
7
8
4
10
7
4
5
3
10
9
9
16
11
10
6
6
12
12
8
7
9
8
9
5
8
5
15
7
5
12
7
7
10
12
4
2
5
15
8
3
5
11
7
8
5
8
5
3
5
11
10
16
9
3
12
3
9
9
11
6
12
6
4
5
10
8
6
8
6
8
5
5
9
6
4
8
5
8
6
7
9
10
5
15
9
5
11
5
7
8
8
6
14
6
5
7
5
9
12
13
11
8
4
8
5
3
5
10
9
3
13
10
8
10
15
6
2
8
3
5
10
7
9
17
7
6
9
7
7
7
17
17
5
10
14
7
11
13
9
15
4
7
4
4
10
4
5
10
6
4
11
5
10
3
3
13
4
9
7
6
7
4
8
7
6
11
6
5
6
6
6
2
3
12
3
8
8
4
7
16
5
7
11
8
5
3
8
7
4
3
8
7
6
17
11
5
9
16
6
6
10
7
11
8
9
12
15
5
18
5
5
11
4
3
7
5
6
3
3
3
16
11
12
3
5
4
5
3
5
11
7
8
3
6
8
12
10
9
2
2
8
4
8
13
6
16
10
7
10
8
9
3
7
4
5
11
10
4
9
4
6
6
14
5
6
9
10
5
7
6
6
6
10
9
4
5
7
7
4
6
9
10
7
14
6
6
2
9
10
12
8
5
7
6
4
15
13
3
8
9
6
10
4
11
5
8
5
7
6
7
7
4
13
4
12
4
3
16
6
13
8
6
8
6
15
8
3
10
13
3
9
12
2
15
5
7
7
13
8
5
5
3
19
8
9
10
10
6
12
2
10
2
3
9
7
16
8
7
9
8
5
8
4
12
11
4
9
8
3
3
8
9
8
11
9
11
11
3
10
9
7
12
8
4
10
14
14
6
9
9
12
7
8
9
11
5
5
13
5
6
3
8
3
9
6
2
6
4
12
12
10
5
3
8
9
4
4
10
8
7
10
12
5
3
7
3
6
9
5
2
7
9
8
7
9
4
5
14
9
3
12
15
7
6
15
5
11
6
9
6
14
5
6
3
12
15
8
6
3
9
8
15
3
6
7
10
5
10
2
6
4
3
16
11
4
7
4
3
7
7
7
6
3
7
11
12
2
7
5
12
8
4
6
10
3
3
16
12
16
8
5
8
12
15
8
3
11
5
12
17
11
16
4
13
4
14
7
6
3
10
4
4
6
10
14
2
5
7
12
8
13
4
5
6
2
14
11
6
10
4
11
11
7
7
12
8
4
11
5
10
6
8
21
2
6
4
5
3
2
9
4
6
5
6
9
6
11
6
9
6
6
5
3
3
11
9
5
12
14
2
13
4
11
13
6
19
10
12
5
7
9
2
5
3
