7.762500
11.587500
12.352500
12.352500
11.587500
10.822500
12.352500
16.942500
10.822500
20.002500
10.822500
15.412500
14.647500
14.647500
12.352500
10.822500
9.292500
15.412500
10.057500
13.882500
12.352500
14.647500
14.647500
10.822500
17.707500
10.822500
12.352500
22.297500
10.057500
10.822500
10.822500
16.942500
17.707500
16.942500
13.117500
11.587500
10.822500
14.647500
13.882500
17.707500
13.117500
22.297500
10.057500
12.352500
12.352500
14.647500
16.942500
10.822500
13.882500
18.472500
14.647500
8.527500
8.527500
10.057500
15.412500
13.882500
13.882500
9.292500
17.707500
13.882500
13.882500
10.822500
14.647500
10.057500
11.587500
17.707500
18.472500
13.882500
13.117500
18.472500
6.997500
10.057500
12.352500
16.942500
17.707500
16.177500
11.587500
12.352500
10.822500
13.882500
14.647500
16.177500
16.177500
11.587500
9.292500
17.707500
13.117500
13.882500
10.057500
22.297500
11.587500
14.647500
20.002500
13.117500
16.177500
11.587500
11.587500
13.117500
13.117500
18.472500
17.707500
13.882500
13.117500
12.352500
10.057500
13.882500
11.587500
21.532500
13.117500
12.352500
13.882500
15.412500
16.942500
10.822500
14.647500
12.352500
12.352500
13.882500
11.587500
12.352500
15.412500
10.822500
13.117500
12.352500
15.412500
13.117500
13.882500
15.412500
8.527500
14.647500
16.942500
16.942500
11.587500
15.412500
12.352500
12.352500
10.057500
10.057500
10.057500
10.057500
14.647500
16.942500
19.237500
13.117500
7.762500
17.707500
10.822500
13.882500
13.117500
8.527500
10.822500
13.882500
10.822500
12.352500
11.587500
10.822500
13.882500
12.352500
14.647500
11.587500
12.352500
21.532500
10.822500
20.767500
10.822500
10.057500
7.762500
12.352500
13.117500
10.822500
14.647500
20.002500
20.002500
17.707500
13.117500
10.822500
19.237500
13.117500
13.882500
18.472500
20.002500
16.942500
14.647500
13.882500
14.647500
12.352500
15.412500
10.057500
9.292500
15.412500
10.822500
12.352500
13.882500
9.292500
10.822500
10.057500
11.587500
16.942500
17.707500
9.292500
10.057500
16.177500
16.177500
14.647500
10.057500
18.472500
18.472500
15.412500
10.057500
14.647500
15.412500
13.117500
13.882500
12.352500
10.822500
13.117500
13.117500
10.822500
19.237500
17.707500
11.587500
12.352500
10.822500
10.057500
16.942500
11.587500
16.942500
16.177500
12.352500
11.587500
7.762500
18.472500
11.587500
9.292500
14.647500
10.822500
13.882500
11.587500
10.057500
12.352500
16.177500
17.707500
11.587500
14.647500
13.117500
10.057500
10.822500
11.587500
19.237500
11.587500
12.352500
14.647500
9.292500
14.647500
14.647500
16.177500
16.942500
13.882500
13.117500
10.822500
12.352500
18.472500
13.117500
10.057500
10.822500
16.177500
26.887500
13.117500
19.237500
13.882500
16.942500
14.647500
12.352500
6.232500
12.352500
13.882500
13.882500
11.587500
9.292500
18.472500
13.117500
11.587500
10.057500
12.352500
17.707500
9.292500
10.822500
7.762500
11.587500
12.352500
12.352500
10.057500
12.352500
18.472500
9.292500
12.352500
16.177500
11.587500
9.292500
13.117500
13.117500
13.117500
9.292500
12.352500
8.527500
15.412500
10.822500
10.822500
11.587500
12.352500
10.822500
11.587500
20.767500
13.117500
8.527500
11.587500
10.057500
11.587500
12.352500
18.472500
13.882500
11.587500
11.587500
13.117500
16.177500
12.352500
11.587500
10.057500
10.057500
17.707500
13.117500
16.177500
16.177500
16.177500
13.882500
6.232500
13.882500
19.237500
16.942500
13.117500
12.352500
11.587500
17.707500
13.117500
14.647500
12.352500
18.472500
8.527500
7.762500
16.942500
11.587500
13.117500
12.352500
10.822500
17.707500
8.527500
20.767500
23.062500
8.527500
12.352500
12.352500
16.942500
7.762500
13.117500
10.057500
14.647500
19.237500
12.352500
16.177500
8.527500
14.647500
14.647500
12.352500
14.647500
9.292500
12.352500
13.882500
10.822500
10.057500
18.472500
20.002500
13.882500
23.062500
11.587500
10.057500
10.822500
8.527500
8.527500
13.882500
10.822500
13.882500
13.882500
14.647500
17.707500
11.587500
14.647500
13.882500
10.057500
23.827500
17.707500
14.647500
17.707500
13.882500
13.882500
10.057500
10.057500
16.177500
7.762500
7.762500
20.002500
13.117500
15.412500
13.117500
20.002500
17.707500
16.177500
10.822500
17.707500
16.177500
9.292500
15.412500
8.527500
12.352500
15.412500
9.292500
13.882500
13.882500
16.177500
10.822500
12.352500
12.352500
14.647500
8.527500
10.822500
16.177500
10.822500
15.412500
12.352500
10.822500
11.587500
10.057500
16.177500
13.882500
9.292500
12.352500
10.822500
13.117500
12.352500
13.882500
15.412500
13.117500
11.587500
11.587500
13.882500
13.117500
13.882500
20.767500
19.237500
10.822500
10.822500
13.882500
13.117500
15.412500
14.647500
20.767500
16.177500
14.647500
10.057500
18.472500
12.352500
10.057500
16.942500
11.587500
16.942500
16.942500
13.882500
10.057500
13.117500
13.117500
17.707500
10.057500
8.527500
9.292500
9.292500
11.587500
18.472500
17.707500
12.352500
15.412500
11.587500
10.057500
14.647500
7.762500
16.177500
11.587500
18.472500
10.057500
22.297500
15.412500
10.822500
10.057500
13.882500
10.822500
10.822500
18.472500
19.237500
10.822500
14.647500
16.177500
11.587500
14.647500
11.587500
18.472500
13.117500
15.412500
12.352500
14.647500
16.942500
19.237500
13.117500
14.647500
15.412500
11.587500
17.707500
13.882500
14.647500
14.647500
10.822500
13.117500
15.412500
14.647500
11.587500
10.822500
15.412500
9.292500
16.177500
15.412500
14.647500
20.767500
15.412500
10.822500
14.647500
16.942500
16.177500
13.882500
16.942500
10.057500
10.822500
10.822500
15.412500
8.527500
14.647500
22.297500
10.822500
13.117500
9.292500
13.117500
15.412500
13.117500
7.762500
9.292500
18.472500
17.707500
11.587500
13.117500
6.997500
10.057500
9.292500
11.587500
13.117500
20.002500
14.647500
14.647500
15.412500
10.822500
11.587500
12.352500
12.352500
13.117500
10.822500
10.822500
13.882500
16.177500
13.882500
12.352500
12.352500
11.587500
11.587500
13.117500
12.352500
22.297500
12.352500
15.412500
15.412500
13.117500
11.587500
20.002500
17.707500
18.472500
13.882500
13.882500
12.352500
10.822500
10.057500
12.352500
13.882500
14.647500
13.882500
20.002500
11.587500
13.882500
10.057500
13.882500
14.647500
15.412500
10.822500
10.822500
13.117500
11.587500
9.292500
13.117500
15.412500
8.527500
15.412500
20.002500
8.527500
17.707500
13.882500
10.057500
8.527500
9.292500
13.882500
16.177500
15.412500
11.587500
10.822500
17.707500
10.057500
11.587500
15.412500
12.352500
9.292500
10.822500
10.822500
15.412500
11.587500
13.117500
13.117500
13.882500
10.822500
14.647500
9.292500
20.767500
12.352500
12.352500
15.412500
13.117500
10.057500
16.177500
10.822500
21.532500
20.767500
14.647500
14.647500
13.117500
15.412500
10.822500
11.587500
14.647500
14.647500
13.882500
16.177500
15.412500
10.822500
13.882500
9.292500
15.412500
15.412500
14.647500
12.352500
10.822500
21.532500
16.177500
18.472500
11.587500
9.292500
11.587500
10.822500
16.177500
17.707500
9.292500
13.117500
16.177500
9.292500
12.352500
10.057500
