3.139548
7.729548
8.494548
7.729548
4.669548
6.199548
4.669548
10.024548
5.434548
8.494548
3.139548
8.494548
6.964548
4.669548
4.669548
3.904548
3.904548
5.434548
5.434548
6.199548
6.199548
8.494548
6.964548
6.199548
7.729548
6.964548
9.259548
16.909548
5.434548
6.964548
6.199548
6.964548
10.789548
7.729548
6.964548
6.199548
6.199548
9.259548
6.964548
6.964548
6.199548
16.144548
6.199548
6.199548
5.434548
9.259548
8.494548
5.434548
6.964548
11.554548
9.259548
4.669548
3.904548
5.434548
9.259548
5.434548
11.554548
5.434548
13.084548
4.669548
6.199548
6.199548
6.964548
6.199548
6.964548
8.494548
11.554548
6.199548
5.434548
11.554548
3.904548
5.434548
4.669548
10.789548
6.199548
8.494548
7.729548
9.259548
5.434548
10.024548
6.199548
5.434548
10.024548
6.964548
5.434548
8.494548
5.434548
7.729548
4.669548
8.494548
6.199548
4.669548
7.729548
5.434548
8.494548
6.199548
6.199548
8.494548
6.964548
11.554548
6.199548
7.729548
7.729548
7.729548
5.434548
8.494548
3.904548
4.669548
8.494548
8.494548
5.434548
6.199548
7.729548
5.434548
6.964548
6.199548
4.669548
6.199548
6.964548
7.729548
10.789548
3.139548
7.729548
6.964548
9.259548
9.259548
6.964548
10.789548
3.139548
8.494548
7.729548
6.199548
6.199548
8.494548
6.964548
4.669548
4.669548
6.199548
6.199548
5.434548
8.494548
10.024548
11.554548
6.199548
3.904548
10.024548
6.199548
4.669548
10.024548
3.904548
6.199548
8.494548
6.964548
6.964548
6.964548
6.964548
9.259548
5.434548
5.434548
7.729548
7.729548
5.434548
4.669548
6.964548
5.434548
5.434548
3.904548
7.729548
8.494548
6.199548
6.199548
6.964548
10.789548
7.729548
9.259548
3.139548
13.084548
6.199548
8.494548
9.259548
12.319548
6.964548
10.024548
5.434548
6.199548
6.964548
7.729548
6.199548
5.434548
10.789548
7.729548
6.199548
4.669548
4.669548
5.434548
5.434548
5.434548
6.964548
5.434548
3.139548
3.904548
8.494548
7.729548
8.494548
5.434548
4.669548
7.729548
7.729548
4.669548
8.494548
7.729548
6.199548
6.199548
5.434548
5.434548
6.964548
6.199548
6.199548
5.434548
6.964548
6.199548
6.199548
6.199548
5.434548
10.024548
5.434548
11.554548
6.964548
5.434548
6.199548
3.139548
10.024548
5.434548
5.434548
3.139548
4.669548
8.494548
6.199548
3.139548
7.729548
7.729548
6.964548
6.964548
8.494548
5.434548
3.904548
6.199548
4.669548
6.964548
6.964548
6.964548
6.199548
5.434548
6.964548
6.199548
9.259548
8.494548
7.729548
6.199548
4.669548
8.494548
12.319548
9.259548
6.199548
5.434548
6.199548
8.494548
7.729548
9.259548
6.964548
11.554548
6.964548
6.964548
3.904548
6.199548
7.729548
10.024548
7.729548
5.434548
3.904548
6.199548
6.199548
6.199548
4.669548
9.259548
3.904548
6.964548
3.139548
6.964548
6.199548
6.964548
6.199548
6.964548
9.259548
3.904548
8.494548
6.964548
6.199548
5.434548
6.964548
9.259548
6.199548
3.139548
8.494548
3.904548
7.729548
6.199548
6.199548
6.199548
5.434548
4.669548
5.434548
4.669548
8.494548
4.669548
6.199548
4.669548
7.729548
7.729548
13.084548
8.494548
6.964548
7.729548
6.199548
8.494548
6.199548
6.199548
3.904548
5.434548
13.084548
8.494548
4.669548
7.729548
6.199548
7.729548
3.139548
4.669548
6.964548
6.964548
8.494548
7.729548
5.434548
4.669548
8.494548
7.729548
5.434548
9.259548
4.669548
3.904548
8.494548
6.964548
8.494548
6.199548
6.199548
7.729548
3.139548
12.319548
16.909548
5.434548
6.199548
7.729548
5.434548
3.139548
8.494548
6.964548
9.259548
5.434548
6.199548
10.024548
5.434548
11.554548
6.199548
7.729548
8.494548
3.904548
6.199548
7.729548
3.904548
4.669548
5.434548
10.024548
9.259548
10.024548
4.669548
4.669548
5.434548
3.904548
5.434548
5.434548
4.669548
9.259548
10.024548
10.789548
8.494548
6.199548
8.494548
9.259548
5.434548
8.494548
6.199548
6.199548
4.669548
4.669548
10.789548
6.199548
3.904548
11.554548
4.669548
4.669548
8.494548
7.729548
7.729548
3.139548
6.199548
4.669548
8.494548
6.199548
6.964548
5.434548
4.669548
6.964548
3.904548
6.199548
6.199548
4.669548
6.964548
5.434548
6.199548
6.199548
4.669548
8.494548
6.199548
3.904548
6.199548
6.964548
7.729548
10.024548
7.729548
6.199548
8.494548
6.199548
7.729548
4.669548
6.199548
6.199548
4.669548
6.964548
7.729548
7.729548
10.024548
6.964548
5.434548
6.964548
7.729548
6.964548
8.494548
7.729548
4.669548
6.964548
4.669548
9.259548
6.199548
6.964548
9.259548
13.849548
9.259548
7.729548
5.434548
6.199548
6.964548
6.964548
6.964548
6.199548
5.434548
7.729548
10.024548
4.669548
8.494548
6.199548
6.199548
6.199548
3.904548
3.904548
4.669548
6.199548
6.964548
11.554548
4.669548
7.729548
5.434548
4.669548
6.964548
3.139548
6.199548
5.434548
5.434548
6.199548
9.259548
8.494548
6.199548
4.669548
5.434548
5.434548
6.199548
6.964548
10.024548
3.139548
8.494548
8.494548
3.904548
9.259548
4.669548
11.554548
6.199548
12.319548
9.259548
6.199548
11.554548
10.024548
6.964548
5.434548
9.259548
6.199548
6.199548
7.729548
6.964548
8.494548
4.669548
7.729548
6.964548
9.259548
4.669548
6.964548
8.494548
4.669548
10.024548
8.494548
8.494548
6.964548
9.259548
6.199548
6.964548
8.494548
10.024548
4.669548
11.554548
3.904548
6.199548
3.904548
7.729548
5.434548
5.434548
6.199548
6.199548
7.729548
6.199548
4.669548
7.729548
6.964548
3.139548
4.669548
10.789548
6.199548
4.669548
7.729548
3.139548
6.964548
4.669548
4.669548
6.199548
8.494548
9.259548
8.494548
7.729548
4.669548
6.964548
6.199548
5.434548
10.024548
4.669548
6.964548
6.199548
6.964548
4.669548
6.199548
7.729548
4.669548
6.964548
6.964548
6.964548
4.669548
8.494548
7.729548
7.729548
6.964548
5.434548
5.434548
10.789548
7.729548
9.259548
6.964548
5.434548
6.964548
6.199548
6.964548
7.729548
9.259548
5.434548
13.084548
5.434548
6.964548
6.964548
6.964548
8.494548
6.964548
6.964548
4.669548
4.669548
6.199548
4.669548
8.494548
9.259548
3.139548
10.789548
6.964548
3.904548
9.259548
6.199548
3.904548
5.434548
3.904548
3.139548
7.729548
7.729548
4.669548
6.964548
4.669548
5.434548
6.199548
7.729548
6.199548
5.434548
4.669548
4.669548
8.494548
7.729548
6.964548
7.729548
10.024548
4.669548
9.259548
5.434548
6.964548
4.669548
6.964548
8.494548
8.494548
3.904548
8.494548
4.669548
6.199548
13.084548
6.199548
5.434548
4.669548
8.494548
4.669548
5.434548
6.964548
8.494548
8.494548
6.199548
7.729548
6.199548
6.199548
3.904548
8.494548
5.434548
7.729548
6.964548
3.904548
6.199548
10.789548
5.434548
6.199548
5.434548
3.139548
6.199548
10.024548
5.434548
4.669548
7.729548
10.024548
4.669548
5.434548
4.669548
