20.280759
14.160750
13.140749
12.120747
15.180752
10.080745
2.940734
4.980737
16.200753
9.060743
6.000739
16.200753
10.080745
7.020740
4.980737
7.020740
24.360765
15.180752
22.320762
10.080745
18.240756
4.980737
6.000739
17.220755
18.240756
14.160750
8.040742
25.380766
17.220755
22.320762
9.060743
18.240756
2.940734
15.180752
3.960736
14.160750
11.100746
14.160750
15.180752
4.980737
14.160750
4.980737
11.100746
14.160750
11.100746
2.940734
4.980737
4.980737
11.100746
8.040742
21.300761
8.040742
7.020740
8.040742
7.020740
10.080745
4.980737
4.980737
8.040742
16.200753
4.980737
8.040742
9.060743
9.060743
6.000739
19.260758
25.380766
6.000739
11.100746
20.280759
20.280759
9.060743
3.960736
12.120747
9.060743
14.160750
9.060743
18.240756
4.980737
16.200753
8.040742
7.020740
6.000739
17.220755
12.120747
10.080745
9.060743
12.120747
3.960736
25.380766
14.160750
9.060743
7.020740
21.300761
11.100746
13.140749
11.100746
11.100746
2.940734
34.560779
9.060743
4.980737
9.060743
14.160750
12.120747
14.160750
19.260758
14.160750
4.980737
13.140749
14.160750
4.980737
6.000739
9.060743
18.240756
8.040742
3.960736
6.000739
12.120747
8.040742
4.980737
28.440771
7.020740
4.980737
15.180752
16.200753
13.140749
25.380766
15.180752
20.280759
14.160750
7.020740
14.160750
26.400768
20.280759
22.320762
19.260758
4.980737
26.400768
9.060743
8.040742
3.960736
4.980737
28.440771
4.980737
14.160750
10.080745
14.160750
4.980737
4.980737
8.040742
12.120747
14.160750
8.040742
4.980737
11.100746
13.140749
6.000739
16.200753
12.120747
14.160750
11.100746
8.040742
11.100746
10.080745
16.200753
6.000739
7.020740
11.100746
14.160750
4.980737
6.000739
10.080745
7.020740
9.060743
3.960736
4.980737
2.940734
9.060743
12.120747
3.960736
8.040742
16.200753
20.280759
9.060743
8.040742
6.000739
8.040742
16.200753
14.160750
11.100746
8.040742
20.280759
14.160750
28.440771
9.060743
8.040742
4.980737
6.000739
13.140749
21.300761
22.320762
7.020740
11.100746
20.280759
8.040742
16.200753
8.040742
9.060743
20.280759
12.120747
14.160750
25.380766
10.080745
14.160750
13.140749
20.280759
2.940734
11.100746
11.100746
4.980737
11.100746
4.980737
22.320762
12.120747
13.140749
8.040742
8.040742
11.100746
7.020740
6.000739
22.320762
20.280759
11.100746
14.160750
6.000739
10.080745
8.040742
16.200753
26.400768
13.140749
12.120747
12.120747
9.060743
8.040742
2.940734
11.100746
12.120747
28.440771
7.020740
12.120747
9.060743
9.060743
8.040742
8.040742
4.980737
25.380766
9.060743
10.080745
8.040742
8.040742
14.160750
8.040742
15.180752
4.980737
7.020740
10.080745
11.100746
12.120747
12.120747
4.980737
12.120747
11.100746
2.940734
11.100746
11.100746
18.240756
4.980737
11.100746
9.060743
11.100746
7.020740
25.380766
3.960736
7.020740
11.100746
4.980737
14.160750
12.120747
13.140749
3.960736
10.080745
4.980737
12.120747
8.040742
4.980737
7.020740
25.380766
8.040742
15.180752
16.200753
8.040742
7.020740
14.160750
2.940734
6.000739
28.440771
2.940734
8.040742
15.180752
9.060743
11.100746
7.020740
11.100746
2.940734
11.100746
28.440771
7.020740
16.200753
11.100746
12.120747
8.040742
20.280759
17.220755
9.060743
3.960736
13.140749
9.060743
18.240756
20.280759
4.980737
12.120747
20.280759
20.280759
24.360765
4.980737
16.200753
14.160750
9.060743
20.280759
10.080745
4.980737
4.980737
11.100746
25.380766
11.100746
7.020740
8.040742
4.980737
14.160750
3.960736
8.040742
4.980737
10.080745
4.980737
9.060743
9.060743
8.040742
11.100746
7.020740
8.040742
8.040742
8.040742
11.100746
28.440771
7.020740
8.040742
4.980737
9.060743
10.080745
8.040742
4.980737
14.160750
13.140749
15.180752
11.100746
13.140749
12.120747
8.040742
8.040742
7.020740
11.100746
20.280759
10.080745
14.160750
13.140749
9.060743
13.140749
4.980737
17.220755
11.100746
22.320762
4.980737
3.960736
6.000739
25.380766
4.980737
8.040742
10.080745
7.020740
12.120747
22.320762
14.160750
9.060743
12.120747
14.160750
8.040742
4.980737
10.080745
12.120747
10.080745
4.980737
6.000739
7.020740
14.160750
6.000739
13.140749
7.020740
9.060743
7.020740
7.020740
14.160750
34.560779
8.040742
18.240756
8.040742
4.980737
10.080745
10.080745
27.420769
18.240756
11.100746
3.960736
4.980737
8.040742
13.140749
14.160750
25.380766
3.960736
9.060743
3.960736
8.040742
10.080745
13.140749
12.120747
14.160750
7.020740
11.100746
16.200753
21.300761
9.060743
26.400768
10.080745
7.020740
10.080745
18.240756
21.300761
16.200753
17.220755
12.120747
16.200753
12.120747
17.220755
13.140749
17.220755
4.980737
9.060743
12.120747
6.000739
8.040742
8.040742
17.220755
14.160750
3.960736
9.060743
17.220755
8.040742
11.100746
8.040742
14.160750
7.020740
6.000739
17.220755
14.160750
4.980737
11.100746
4.980737
8.040742
10.080745
16.200753
26.400768
13.140749
8.040742
9.060743
4.980737
6.000739
14.160750
4.980737
10.080745
25.380766
4.980737
10.080745
3.960736
4.980737
7.020740
13.140749
2.940734
25.380766
6.000739
4.980737
4.980737
24.360765
12.120747
14.160750
11.100746
9.060743
4.980737
14.160750
14.160750
7.020740
15.180752
21.300761
7.020740
11.100746
16.200753
4.980737
7.020740
3.960736
17.220755
20.280759
4.980737
8.040742
7.020740
4.980737
7.020740
4.980737
11.100746
9.060743
7.020740
9.060743
12.120747
7.020740
4.980737
13.140749
9.060743
11.100746
26.400768
8.040742
11.100746
4.980737
4.980737
13.140749
18.240756
9.060743
8.040742
4.980737
4.980737
16.200753
19.260758
11.100746
8.040742
17.220755
8.040742
4.980737
4.980737
10.080745
9.060743
8.040742
10.080745
16.200753
6.000739
2.940734
7.020740
7.020740
20.280759
11.100746
17.220755
16.200753
6.000739
11.100746
3.960736
17.220755
7.020740
11.100746
4.980737
10.080745
20.280759
11.100746
22.320762
4.980737
8.040742
7.020740
9.060743
11.100746
14.160750
9.060743
25.380766
6.000739
14.160750
27.420769
21.300761
8.040742
21.300761
11.100746
6.000739
4.980737
20.280759
12.120747
6.000739
8.040742
4.980737
22.320762
9.060743
19.260758
11.100746
6.000739
6.000739
7.020740
7.020740
9.060743
7.020740
4.980737
6.000739
12.120747
12.120747
14.160750
10.080745
7.020740
11.100746
14.160750
4.980737
8.040742
14.160750
19.260758
16.200753
22.320762
17.220755
18.240756
6.000739
4.980737
6.000739
4.980737
4.980737
12.120747
17.220755
24.360765
13.140749
4.980737
9.060743
11.100746
8.040742
17.220755
10.080745
14.160750
9.060743
11.100746
9.060743
13.140749
14.160750
16.200753
8.040742
9.060743
20.280759
4.980737
19.260758
18.240756
7.020740
6.000739
10.080745
28.440771
8.040742
14.160750
7.020740
7.020740
26.400768
24.360765
6.000739
9.060743
10.080745
6.000739
10.080745
2.940734
11.100746
16.200753
14.160750
4.980737
9.060743
16.200753
7.020740
8.040742
8.040742
25.380766
6.000739
9.060743
15.180752
10.080745
11.100746
4.980737
8.040742
11.100746
12.120747
4.980737
3.960736
11.100746
6.000739
14.160750
7.020740
13.140749
7.020740
3.960736
17.220755
12.120747
11.100746
4.980737
12.120747
3.960736
13.140749
12.120747
12.120747
11.100746
8.040742
11.100746
17.220755
6.000739
14.160750
4.980737
10.080745
17.220755
11.100746
4.980737
9.060743
9.060743
2.940734
4.980737
11.100746
27.420769
2.940734
12.120747
22.320762
27.420769
8.040742
4.980737
4.980737
17.220755
4.980737
12.120747
10.080745
8.040742
14.160750
4.980737
8.040742
6.000739
12.120747
9.060743
7.020740
11.100746
4.980737
12.120747
6.000739
11.100746
4.980737
17.220755
15.180752
6.000739
11.100746
11.100746
12.120747
4.980737
16.200753
4.980737
3.960736
9.060743
12.120747
34.560779
11.100746
6.000739
2.940734
14.160750
9.060743
7.020740
4.980737
14.160750
6.000739
8.040742
6.000739
3.960736
10.080745
8.040742
6.000739
10.080745
18.240756
11.100746
3.960736
9.060743
4.980737
14.160750
2.940734
18.240756
7.020740
20.280759
7.020740
4.980737
8.040742
4.980737
9.060743
9.060743
6.000739
12.120747
10.080745
11.100746
4.980737
34.560779
22.320762
3.960736
22.320762
8.040742
11.100746
7.020740
25.380766
8.040742
10.080745
4.980737
2.940734
4.980737
20.280759
14.160750
6.000739
7.020740
4.980737
2.940734
18.240756
9.060743
12.120747
7.020740
4.980737
4.980737
10.080745
11.100746
9.060743
9.060743
6.000739
8.040742
8.040742
14.160750
4.980737
8.040742
12.120747
9.060743
6.000739
12.120747
14.160750
11.100746
11.100746
2.940734
8.040742
18.240756
11.100746
14.160750
16.200753
6.000739
6.000739
6.000739
7.020740
11.100746
4.980737
17.220755
16.200753
9.060743
11.100746
6.000739
14.160750
11.100746
4.980737
8.040742
3.960736
9.060743
14.160750
12.120747
7.020740
3.960736
7.020740
8.040742
9.060743
7.020740
9.060743
14.160750
14.160750
9.060743
17.220755
8.040742
14.160750
22.320762
14.160750
9.060743
13.140749
20.280759
8.040742
11.100746
11.100746
4.980737
13.140749
4.980737
13.140749
22.320762
4.980737
12.120747
15.180752
2.940734
14.160750
4.980737
9.060743
8.040742
4.980737
2.940734
9.060743
13.140749
11.100746
11.100746
9.060743
10.080745
14.160750
12.120747
22.320762
11.100746
18.240756
2.940734
7.020740
14.160750
17.220755
13.140749
14.160750
4.980737
14.160750
4.980737
11.100746
14.160750
13.140749
12.120747
13.140749
12.120747
11.100746
8.040742
34.560779
8.040742
9.060743
9.060743
12.120747
8.040742
14.160750
18.240756
18.240756
9.060743
11.100746
12.120747
10.080745
14.160750
8.040742
7.020740
10.080745
11.100746
11.100746
7.020740
14.160750
2.940734
25.380766
10.080745
4.980737
26.400768
9.060743
10.080745
14.160750
4.980737
9.060743
34.560779
16.200753
16.200753
11.100746
8.040742
13.140749
13.140749
14.160750
11.100746
3.960736
6.000739
12.120747
16.200753
10.080745
8.040742
17.220755
10.080745
20.280759
7.020740
10.080745
7.020740
4.980737
14.160750
12.120747
7.020740
11.100746
11.100746
14.160750
13.140749
13.140749
9.060743
15.180752
4.980737
4.980737
11.100746
25.380766
7.020740
13.140749
4.980737
13.140749
13.140749
11.100746
11.100746
4.980737
9.060743
7.020740
6.000739
8.040742
9.060743
4.980737
17.220755
8.040742
11.100746
6.000739
12.120747
9.060743
9.060743
9.060743
13.140749
11.100746
14.160750
14.160750
16.200753
17.220755
12.120747
13.140749
4.980737
2.940734
25.380766
9.060743
14.160750
4.980737
8.040742
12.120747
16.200753
19.260758
8.040742
13.140749
8.040742
11.100746
6.000739
25.380766
11.100746
9.060743
13.140749
13.140749
24.360765
14.160750
8.040742
22.320762
7.020740
10.080745
12.120747
16.200753
8.040742
8.040742
17.220755
10.080745
20.280759
8.040742
16.200753
4.980737
2.940734
13.140749
12.120747
25.380766
21.300761
11.100746
4.980737
12.120747
11.100746
15.180752
17.220755
6.000739
8.040742
15.180752
4.980737
12.120747
13.140749
10.080745
19.260758
28.440771
13.140749
8.040742
8.040742
10.080745
10.080745
10.080745
2.940734
16.200753
11.100746
12.120747
11.100746
14.160750
14.160750
6.000739
4.980737
9.060743
10.080745
25.380766
4.980737
8.040742
8.040742
4.980737
9.060743
11.100746
13.140749
11.100746
3.960736
3.960736
12.120747
13.140749
6.000739
9.060743
11.100746
11.100746
16.200753
8.040742
11.100746
7.020740
18.240756
11.100746
11.100746
4.980737
15.180752
14.160750
8.040742
13.140749
14.160750
13.140749
4.980737
6.000739
16.200753
11.100746
12.120747
14.160750
24.360765
10.080745
4.980737
18.240756
9.060743
11.100746
12.120747
16.200753
10.080745
4.980737
11.100746
6.000739
16.200753
14.160750
18.240756
4.980737
19.260758
21.300761
17.220755
4.980737
8.040742
15.180752
14.160750
14.160750
14.160750
9.060743
11.100746
8.040742
22.320762
9.060743
14.160750
10.080745
10.080745
17.220755
8.040742
13.140749
34.560779
2.940734
8.040742
14.160750
10.080745
9.060743
10.080745
21.300761
11.100746
8.040742
12.120747
11.100746
4.980737
17.220755
10.080745
25.380766
6.000739
16.200753
6.000739
8.040742
6.000739
8.040742
14.160750
8.040742
13.140749
8.040742
25.380766
7.020740
13.140749
8.040742
8.040742
8.040742
11.100746
21.300761
28.440771
9.060743
2.940734
10.080745
20.280759
25.380766
11.100746
22.320762
14.160750
24.360765
8.040742
11.100746
13.140749
13.140749
12.120747
17.220755
14.160750
6.000739
14.160750
2.940734
24.360765
2.940734
9.060743
8.040742
4.980737
7.020740
9.060743
13.140749
13.140749
4.980737
8.040742
16.200753
6.000739
14.160750
14.160750
6.000739
3.960736
4.980737
4.980737
6.000739
7.020740
17.220755
11.100746
11.100746
6.000739
9.060743
14.160750
12.120747
20.280759
7.020740
11.100746
16.200753
25.380766
24.360765
13.140749
16.200753
9.060743
18.240756
14.160750
16.200753
4.980737
6.000739
21.300761
22.320762
6.000739
8.040742
9.060743
27.420769
17.220755
8.040742
20.280759
9.060743
6.000739
20.280759
14.160750
9.060743
4.980737
21.300761
3.960736
10.080745
4.980737
3.960736
8.040742
8.040742
4.980737
7.020740
14.160750
11.100746
8.040742
22.320762
13.140749
11.100746
6.000739
6.000739
7.020740
27.420769
8.040742
4.980737
16.200753
10.080745
11.100746
14.160750
6.000739
7.020740
14.160750
4.980737
13.140749
11.100746
3.960736
4.980737
12.120747
7.020740
20.280759
14.160750
27.420769
11.100746
4.980737
11.100746
13.140749
10.080745
22.320762
